A:
[  01  00  01  01  01  01  00  00  01  01  00  01  00  01  01  00]
[  00  00  00  00  01  00  01  01  00  00  00  01  01  01  01  00]
[  00  00  01  01  01  00  01  00  01  01  01  01  00  01  00  00]
[  01  00  01  00  01  00  00  01  00  00  00  01  01  01  00  01]
[  00  01  00  01  01  01  00  01  00  01  00  01  00  00  01  00]
[  01  00  00  00  00  00  01  01  00  01  00  00  00  00  01  00]
[  00  00  00  01  01  00  00  00  01  01  01  00  01  00  00  00]
[  01  00  00  01  01  01  00  01  00  01  01  01  01  01  01  01]
[  01  01  01  00  01  01  00  01  00  01  01  00  00  01  00  01]
[  01  01  00  00  00  01  00  01  00  01  00  01  00  01  01  01]
[  01  00  00  00  01  00  01  00  00  00  00  00  01  00  01  01]
[  01  01  01  00  00  01  01  00  01  01  00  01  00  01  01  01]
[  01  01  00  00  01  01  00  01  00  00  01  01  01  00  00  00]
[  00  00  00  00  01  01  01  00  00  01  00  01  00  01  00  01]
[  00  00  01  01  00  00  01  00  00  00  01  01  01  00  00  01]
[  00  00  01  01  00  00  00  00  01  00  01  01  01  00  00  01]
B:
[  00  00  00  00  00  01  00  00  00  00  00  01  00  00  00  00]
[  00  01  01  00  00  01  01  01  01  00  01  00  00  01  01  01]
[  01  00  01  01  01  00  00  01  00  00  00  00  00  00  00  00]
[  00  01  01  00  01  00  01  00  00  00  01  01  00  00  00  01]
[  00  01  01  00  01  01  01  01  01  00  01  01  00  01  01  00]
[  01  00  00  00  00  00  00  01  00  01  00  00  00  00  00  00]
[  01  01  00  01  00  00  00  01  00  00  00  00  01  01  01  00]
[  00  01  00  00  01  01  01  00  00  01  00  00  01  00  01  01]
[  01  01  00  01  01  00  00  01  00  00  00  00  00  01  00  00]
[  00  01  00  00  00  00  00  00  01  00  01  01  01  00  00  00]
[  01  00  00  01  00  00  00  01  01  00  01  01  01  01  01  00]
[  00  01  00  00  01  00  01  01  00  00  00  01  00  00  00  01]
[  00  00  00  00  00  01  01  01  01  00  00  01  00  01  01  00]
[  01  01  01  00  01  00  01  01  00  01  01  00  01  01  01  01]
[  01  00  00  01  01  01  01  00  00  01  01  00  01  00  00  00]
[  01  01  00  00  01  00  00  01  01  01  01  01  00  01  00  01]
CPU Result:
[  05  06  04  03  07  03  05  06  02  03  05  05  03  03  02  03]
[  03  05  02  02  05  04  06  05  02  03  03  03  04  04  05  03]
[  05  07  04  04  06  01  04  07  03  01  05  05  04  05  04  03]
[  03  05  03  01  06  04  05  06  03  03  03  05  02  04  04  04]
[  02  06  03  01  05  04  06  04  03  03  05  04  03  02  03  04]
[  02  03  00  02  02  03  02  01  01  02  02  02  04  01  02  01]
[  02  04  02  02  03  02  03  04  04  00  04  05  02  04  03  01]
[  05  07  03  02  07  05  07  07  05  05  07  08  05  05  05  05]
[  05  06  04  02  05  04  04  07  05  04  06  05  04  05  05  04]
[  04  06  02  01  05  04  05  05  03  05  05  04  04  03  03  05]
[  03  03  01  02  03  04  03  04  03  02  03  04  02  04  03  01]
[  07  07  03  04  06  03  04  08  03  04  05  04  04  05  03  04]
[  02  04  02  01  03  05  05  06  04  02  03  05  02  04  05  03]
[  04  06  02  01  04  01  03  06  03  03  04  04  03  04  03  03]
[  04  04  02  03  04  01  03  06  03  01  03  05  02  04  03  03]
[  04  04  02  03  05  01  03  06  03  01  03  05  01  04  02  03]
CPU Time: 0.000017
GPU Result:
[  05  06  04  03  07  03  05  06  02  03  05  05  03  03  02  03]
[  03  05  02  02  05  04  06  05  02  03  03  03  04  04  05  03]
[  05  07  04  04  06  01  04  07  03  01  05  05  04  05  04  03]
[  03  05  03  01  06  04  05  06  03  03  03  05  02  04  04  04]
[  02  06  03  01  05  04  06  04  03  03  05  04  03  02  03  04]
[  02  03  00  02  02  03  02  01  01  02  02  02  04  01  02  01]
[  02  04  02  02  03  02  03  04  04  00  04  05  02  04  03  01]
[  05  07  03  02  07  05  07  07  05  05  07  08  05  05  05  05]
[  05  06  04  02  05  04  04  07  05  04  06  05  04  05  05  04]
[  04  06  02  01  05  04  05  05  03  05  05  04  04  03  03  05]
[  03  03  01  02  03  04  03  04  03  02  03  04  02  04  03  01]
[  07  07  03  04  06  03  04  08  03  04  05  04  04  05  03  04]
[  02  04  02  01  03  05  05  06  04  02  03  05  02  04  05  03]
[  04  06  02  01  04  01  03  06  03  03  04  04  03  04  03  03]
[  04  04  02  03  04  01  03  06  03  01  03  05  02  04  03  03]
[  04  04  02  03  05  01  03  06  03  01  03  05  01  04  02  03]
GPU Time: 0.000174
