A:
[  01  00  01  01  01  01  00  00  01  01  00  01  00  01  01  00  00  00  00  00  01  00  01  01  00  00  00  01  01  01  01  00  00  00  01  01  01  00  01  00  01  01  01  01  00  01  00  00  01  00  01  00  01  00  00  01  00  00  00  01  01  01  00  01]
[  00  01  00  01  01  01  00  01  00  01  00  01  00  00  01  00  01  00  00  00  00  00  01  01  00  01  00  00  00  00  01  00  00  00  00  01  01  00  00  00  01  01  01  00  01  00  00  00  01  00  00  01  01  01  00  01  00  01  01  01  01  01  01  01]
[  01  01  01  00  01  01  00  01  00  01  01  00  00  01  00  01  01  01  00  00  00  01  00  01  00  01  00  01  00  01  01  01  01  00  00  00  01  00  01  00  00  00  00  00  01  00  01  01  01  01  01  00  00  01  01  00  01  01  00  01  00  01  01  01]
[  01  01  00  00  01  01  00  01  00  00  01  01  01  00  00  00  00  00  00  00  01  01  01  00  00  01  00  01  00  01  00  01  00  00  01  01  00  00  01  00  00  00  01  01  01  00  00  01  00  00  01  01  00  00  00  00  01  00  01  01  01  00  00  01]
[  00  00  00  00  00  01  00  00  00  00  00  01  00  00  00  00  00  01  01  00  00  01  01  01  01  00  01  00  00  01  01  01  01  00  01  01  01  00  00  01  00  00  00  00  00  00  00  00  00  01  01  00  01  00  01  00  00  00  01  01  00  00  00  01]
[  00  01  01  00  01  01  01  01  01  00  01  01  00  01  01  00  01  00  00  00  00  00  00  01  00  01  00  00  00  00  00  00  01  01  00  01  00  00  00  01  00  00  00  00  01  01  01  00  00  01  00  00  01  01  01  00  00  01  00  00  01  00  01  01]
[  01  01  00  01  01  00  00  01  00  00  00  00  00  01  00  00  00  01  00  00  00  00  00  00  01  00  01  01  01  00  00  00  01  00  00  01  00  00  00  01  01  00  01  01  01  01  01  00  00  01  00  00  01  00  01  01  00  00  00  01  00  00  00  01]
[  00  00  00  00  00  01  01  01  01  00  00  01  00  01  01  00  01  01  01  00  01  00  01  01  00  01  01  00  01  01  01  01  01  00  00  01  01  01  01  00  00  01  01  00  01  00  00  00  01  01  00  00  01  00  00  01  01  01  01  01  00  01  00  01]
[  01  00  00  00  00  01  00  00  01  00  00  00  00  00  00  00  00  00  00  01  00  00  01  00  01  00  01  01  01  01  00  00  00  01  00  00  00  01  00  01  01  00  01  01  00  01  01  00  00  00  00  00  00  01  00  00  01  01  01  01  01  00  01  01]
[  01  00  01  01  01  01  01  00  01  00  01  01  00  01  00  00  01  00  00  01  01  01  01  00  00  01  01  01  01  01  00  00  01  01  01  00  00  00  00  01  01  01  01  01  00  01  01  01  01  01  01  00  00  00  00  01  01  00  00  00  01  01  00  00]
[  00  00  00  01  00  00  00  01  01  01  00  00  00  01  01  01  01  00  01  01  01  00  00  00  00  01  01  01  00  01  01  00  01  01  01  00  01  00  01  00  01  00  00  00  01  00  01  00  00  01  00  01  01  00  00  01  01  01  00  01  00  01  00  00]
[  00  01  00  01  01  01  01  01  01  00  01  01  00  00  01  00  01  01  00  00  00  00  01  01  01  01  01  01  00  01  01  00  00  01  01  00  01  01  01  00  01  00  01  01  00  01  01  00  00  01  00  00  01  00  00  00  01  01  00  00  00  01  00  00]
[  01  00  00  00  01  01  00  00  01  00  01  00  01  00  00  01  00  00  00  01  00  00  00  00  01  00  00  01  01  00  01  00  00  00  00  01  01  01  01  01  01  00  01  00  01  01  01  01  01  01  00  00  01  00  00  00  00  00  01  00  00  01  00  01]
[  01  01  00  00  00  00  01  01  00  00  01  01  01  00  00  01  00  01  01  01  01  01  00  00  01  01  00  01  00  00  00  01  01  01  00  01  01  01  00  01  00  01  01  01  00  01  00  00  00  01  01  00  00  01  00  01  01  00  01  01  00  01  01  00]
[  00  01  01  01  00  00  01  00  01  00  00  01  01  00  01  00  00  01  00  00  00  00  00  01  00  01  01  00  00  00  00  01  01  00  00  01  00  01  00  01  01  00  01  01  00  00  01  00  01  01  01  00  01  01  01  01  00  00  01  00  00  00  01  01]
[  00  00  01  00  01  01  01  01  01  00  00  01  01  01  00  00  00  01  00  01  00  00  00  00  00  01  00  01  01  00  00  01  00  01  01  01  00  01  00  01  01  00  01  00  01  01  01  01  00  01  00  00  01  00  00  00  00  00  01  01  00  01  01  00]
[  01  00  00  01  01  00  01  01  01  00  01  00  01  00  00  01  00  00  01  01  01  01  01  01  01  00  00  00  00  01  00  01  00  00  00  01  01  01  00  00  01  00  00  00  00  00  01  00  01  00  00  00  01  01  01  01  00  01  01  00  01  01  01  01]
[  00  01  00  01  01  01  01  00  01  01  01  01  00  00  00  01  01  00  01  00  01  00  01  01  01  00  01  00  00  00  01  00  00  00  01  01  01  00  01  00  01  00  01  01  01  01  00  00  01  01  00  01  01  00  00  01  00  00  01  00  00  01  00  00]
[  01  01  01  00  01  01  00  01  01  01  00  00  01  01  00  00  00  01  01  00  01  00  01  01  00  00  00  00  01  00  01  00  00  00  00  01  01  00  00  01  00  01  01  01  00  00  01  00  01  01  00  00  01  01  01  01  00  01  01  01  00  00  00  00]
[  01  00  01  00  01  00  01  01  01  01  00  01  01  01  01  00  00  00  00  01  01  01  00  01  01  00  01  01  00  01  01  01  01  00  00  00  00  01  01  01  00  01  00  01  01  00  01  01  00  01  01  01  01  01  01  00  01  00  01  00  01  00  01  00]
[  00  01  01  01  01  00  00  01  00  01  01  01  01  00  00  01  00  01  00  01  01  01  01  00  01  00  00  00  00  00  01  00  01  00  01  00  00  00  00  00  01  01  01  00  01  00  01  01  01  01  00  00  01  01  01  00  01  01  01  01  01  00  00  01]
[  00  01  01  00  01  01  01  00  00  00  00  00  00  01  01  00  01  00  00  00  01  01  00  01  01  01  00  00  01  00  01  01  00  01  00  01  00  01  00  01  01  00  01  00  00  00  00  01  00  00  01  00  00  01  01  01  01  01  01  00  00  01  00  00]
[  00  00  01  00  01  01  01  00  00  00  00  00  01  00  01  01  01  00  01  01  01  00  00  00  00  01  01  00  00  01  00  00  01  01  01  00  01  00  00  01  01  01  01  00  01  00  01  00  00  01  01  01  01  01  00  01  01  01  01  01  00  01  00  01]
[  01  01  01  00  01  01  01  00  00  00  00  00  00  00  00  00  01  00  01  00  01  01  00  00  00  01  00  00  01  00  01  00  01  00  00  00  00  01  01  00  01  01  00  01  01  01  01  00  01  00  01  00  00  01  01  00  00  01  01  01  01  00  01  00]
[  01  01  00  01  00  01  01  01  01  00  00  00  01  01  01  00  00  00  00  00  01  01  00  01  00  01  01  01  00  00  01  01  00  00  00  00  01  01  00  00  01  00  01  00  00  00  00  00  00  01  00  01  00  00  00  01  00  01  00  00  00  00  01  00]
[  00  01  00  01  00  00  00  00  01  01  00  01  01  01  01  01  00  01  00  00  01  00  01  01  00  00  01  00  00  00  00  00  01  00  01  00  01  01  00  00  00  00  01  01  01  00  00  01  01  00  00  00  01  01  00  01  01  01  01  01  00  01  01  01]
[  01  01  01  00  00  01  00  01  00  01  00  01  01  01  01  00  01  01  01  00  00  01  01  00  00  00  01  00  01  01  00  01  00  01  01  00  01  00  01  01  01  00  00  01  01  01  01  00  00  00  01  01  01  00  01  00  01  00  00  00  01  00  01  01]
[  00  01  00  01  01  01  00  00  01  00  01  00  00  01  01  00  01  00  01  01  00  00  01  01  01  01  00  00  00  01  00  00  00  00  01  01  01  01  00  01  01  01  01  01  00  00  00  00  00  01  01  01  00  00  00  01  01  00  01  01  00  01  01  00]
[  01  00  00  01  01  00  00  01  01  01  00  00  00  00  00  00  00  01  01  00  01  00  01  00  00  00  00  00  00  01  01  01  00  01  00  01  01  00  00  00  00  01  00  00  01  00  00  01  01  00  01  00  00  00  01  00  01  01  01  01  00  00  00  00]
[  01  01  00  00  01  00  00  01  01  01  01  01  01  00  00  01  00  00  01  00  00  00  00  01  01  01  00  00  01  01  00  00  00  00  00  01  01  01  01  00  00  00  01  01  00  00  00  00  00  00  00  00  00  01  00  00  00  00  00  00  01  00  00  01]
[  01  01  01  00  00  00  00  00  00  00  01  01  00  00  01  00  00  00  00  00  01  00  00  01  01  00  01  00  01  00  00  00  01  01  00  01  01  00  01  01  00  00  00  00  00  00  00  00  00  01  01  01  01  01  00  00  00  00  01  01  00  01  01  01]
[  00  01  00  01  01  01  00  00  01  01  00  00  01  01  00  01  00  01  00  01  01  00  00  01  00  01  00  00  00  01  01  00  00  01  01  01  00  01  01  00  00  00  00  01  01  00  00  01  00  00  00  01  01  00  00  01  01  00  00  01  01  01  01  01]
[  01  00  00  01  00  00  01  00  00  01  00  01  00  00  00  00  01  00  01  00  01  01  01  00  01  01  00  00  01  01  01  00  00  01  01  00  01  01  00  01  00  00  00  00  01  00  00  00  01  01  00  00  00  01  00  01  01  00  01  00  00  00  00  00]
[  00  01  00  01  00  00  01  01  01  01  01  00  00  00  00  01  01  00  01  00  01  01  01  00  00  01  00  00  01  00  00  01  00  00  01  00  00  00  01  01  01  01  01  01  01  01  00  00  01  01  00  01  01  00  01  01  01  00  01  00  00  01  00  00]
[  01  01  01  01  01  00  01  00  01  00  00  00  00  00  01  01  00  01  00  01  01  00  00  00  00  01  01  00  00  01  01  01  00  00  00  01  00  01  01  00  00  01  00  00  00  01  01  00  01  00  01  00  00  01  01  00  00  00  00  00  01  01  01  01]
[  01  01  00  00  01  01  00  01  01  00  01  01  00  00  01  01  00  00  01  00  01  00  00  01  00  01  01  01  00  00  00  00  01  00  00  00  00  00  01  01  00  00  00  00  01  01  01  01  01  01  00  00  01  00  01  00  01  00  01  00  00  00  00  01]
[  00  00  00  00  00  01  01  00  00  01  01  01  00  00  00  01  01  00  01  01  01  00  01  00  00  00  00  00  00  00  00  01  00  00  01  00  01  01  01  01  00  00  00  01  00  01  00  00  01  00  01  00  00  00  01  01  00  01  01  01  00  01  00  00]
[  01  01  01  01  00  00  00  01  00  01  00  00  00  00  00  01  00  01  00  01  01  01  00  00  00  01  01  00  01  01  01  00  00  00  01  01  00  00  00  00  01  00  00  01  00  01  00  01  00  00  00  00  01  00  00  00  01  01  00  00  00  01  01  00]
[  01  00  01  01  00  01  01  01  01  00  00  00  01  01  01  01  01  01  01  01  01  01  01  00  00  01  01  00  01  00  01  00  00  00  00  01  00  01  00  01  01  01  01  00  00  00  00  01  01  01  00  00  01  01  01  01  01  00  00  00  00  01  00  00]
[  01  00  01  01  00  00  01  01  01  00  00  01  01  00  00  00  01  01  01  00  00  00  00  01  00  00  01  00  01  00  00  00  00  00  00  00  00  01  00  01  01  00  00  00  00  00  01  01  01  00  00  00  00  00  01  00  00  01  00  01  01  00  01  01]
[  00  01  00  00  00  00  01  00  00  01  00  00  00  01  01  01  01  01  01  01  01  01  01  01  00  01  00  01  00  00  00  00  01  00  01  00  00  00  00  00  00  00  00  00  00  00  01  01  01  01  01  01  00  00  00  00  00  01  01  00  01  01  00  00]
[  00  01  00  00  00  00  01  00  01  01  00  01  01  01  00  01  00  01  00  00  00  00  00  00  01  01  00  00  01  00  01  01  00  01  01  00  00  00  00  01  00  00  00  01  01  00  00  00  00  00  00  00  01  01  00  00  00  00  01  01  00  00  00  00]
[  01  00  00  01  00  00  00  00  00  00  00  00  01  00  00  01  01  00  01  00  01  01  00  00  01  01  01  01  01  00  00  01  00  00  00  00  01  01  01  01  01  01  01  00  01  01  01  00  00  00  00  01  01  01  01  00  00  01  00  00  01  00  01  01]
[  00  01  01  01  00  00  01  00  01  00  00  01  00  00  01  00  00  00  01  00  01  01  00  01  00  00  01  01  00  00  00  01  00  01  00  00  00  01  00  01  00  01  00  00  01  00  00  01  00  01  01  01  00  00  00  00  00  00  01  01  00  01  00  00]
[  01  00  01  01  00  01  00  00  00  01  00  01  01  00  01  01  01  00  00  00  00  00  00  01  00  00  00  01  01  00  01  00  00  00  01  00  00  00  00  00  01  00  00  00  00  01  01  00  01  01  00  00  01  00  01  00  00  01  01  00  01  00  00  01]
[  01  00  00  01  00  00  01  01  01  01  01  01  00  00  01  00  01  01  00  00  00  01  00  00  00  01  00  01  00  01  00  01  01  00  00  01  01  01  00  00  01  01  01  01  01  01  01  00  00  01  00  00  00  01  01  00  00  01  01  00  00  00  01  01]
[  00  01  00  01  01  00  01  00  01  01  01  00  00  01  00  00  00  01  01  01  00  00  01  00  01  01  01  00  01  00  01  01  00  00  01  01  00  00  01  00  01  00  00  01  01  01  00  00  00  01  01  00  01  00  00  00  01  01  00  00  00  00  00  00]
[  00  01  01  00  01  00  00  01  00  01  00  00  00  00  00  00  01  01  00  00  01  00  01  01  00  01  01  00  01  01  00  01  00  01  00  00  01  00  01  01  01  01  01  01  00  01  01  01  00  01  00  00  00  01  01  00  00  00  00  00  00  00  01  00]
[  01  01  00  00  00  01  01  01  01  01  01  01  00  00  00  01  00  00  01  00  01  00  00  00  00  00  00  00  00  01  01  01  01  01  01  01  01  00  00  00  01  01  01  00  00  01  01  00  00  00  00  01  00  00  01  00  00  01  01  00  01  00  01  00]
[  01  00  01  00  00  01  00  00  01  01  00  01  01  01  01  01  01  01  00  01  01  00  01  01  01  00  01  00  00  00  00  00  00  01  00  00  01  01  00  00  00  00  01  01  01  00  00  00  01  01  01  00  01  01  01  00  01  00  01  00  00  01  00  00]
[  01  00  00  00  01  01  00  00  01  01  01  01  01  00  01  00  01  01  00  00  00  01  00  01  01  01  01  01  01  01  01  00  00  01  00  01  00  00  01  00  01  01  01  00  01  00  00  00  01  00  00  01  01  00  01  00  00  00  01  01  00  00  01  00]
[  01  01  01  00  01  01  00  00  00  01  00  01  01  00  01  01  00  01  00  01  01  01  01  01  00  00  00  00  00  01  00  01  00  01  01  01  00  01  01  00  00  01  01  00  01  00  01  01  01  01  00  01  01  01  00  01  01  01  01  01  00  01  01  01]
[  00  00  00  01  00  00  01  00  01  01  00  01  01  01  00  01  01  01  00  00  00  00  01  00  01  00  01  00  01  00  01  01  01  01  00  01  01  00  01  01  01  00  00  00  01  00  01  00  01  01  00  00  00  01  00  01  01  01  01  00  00  00  00  01]
[  00  00  00  01  00  01  00  01  01  00  00  01  01  01  01  00  01  00  00  01  01  00  00  01  00  00  01  00  00  01  01  00  00  01  00  00  00  00  00  00  01  00  01  00  01  00  00  00  00  01  01  00  01  00  01  01  00  00  01  00  00  00  01  00]
[  01  01  00  00  01  00  00  00  00  01  00  00  01  01  00  00  00  00  00  01  00  01  01  00  01  00  00  01  01  01  01  00  00  00  00  00  00  00  00  01  01  01  01  01  00  01  01  00  01  01  01  01  00  00  01  01  01  00  01  00  01  00  00  00]
[  00  01  00  01  01  00  00  01  01  01  00  01  00  01  01  00  00  01  01  00  01  01  01  00  01  00  00  00  01  01  00  01  00  00  00  01  01  00  00  00  01  00  00  00  01  01  00  01  00  01  01  00  00  01  00  01  01  01  00  00  00  00  00  00]
[  01  00  01  00  01  00  00  00  00  00  00  00  00  00  01  00  00  01  00  00  00  01  00  01  00  00  00  00  00  00  00  01  00  01  01  01  01  00  00  00  00  00  00  00  01  01  01  01  00  01  01  00  00  01  00  00  01  00  00  00  00  00  01  00]
[  00  01  00  01  01  00  01  01  00  01  00  01  01  01  00  01  00  00  00  01  01  00  01  01  00  00  01  00  00  00  00  00  01  00  00  00  00  01  00  01  01  00  00  00  01  01  01  01  01  01  00  00  01  00  01  01  00  00  01  00  01  00  01  00]
[  00  01  01  01  00  01  00  01  01  00  01  00  01  01  01  00  00  00  01  00  00  00  01  00  01  01  00  00  01  01  00  01  00  01  00  01  00  00  00  01  01  00  01  00  01  01  01  01  01  00  01  01  00  01  01  01  00  01  01  01  01  00  00  01]
[  01  01  00  00  01  01  01  00  01  01  01  00  00  00  01  01  00  01  00  00  00  01  00  00  00  01  01  01  01  01  01  01  00  01  01  00  00  00  00  01  01  01  01  01  01  01  00  01  00  00  00  00  01  00  00  00  01  01  01  01  00  00  00  01]
[  00  01  01  00  01  01  00  01  01  01  00  00  00  01  00  00  01  00  00  01  00  00  01  01  01  00  00  00  01  00  01  01  01  00  01  01  01  01  00  00  01  00  01  01  01  01  00  01  01  00  00  01  01  01  00  00  01  01  00  00  01  01  01  01]
[  01  01  00  01  00  00  01  01  00  00  01  00  01  01  01  00  01  01  01  00  00  00  01  01  01  01  00  00  01  01  01  00  00  01  01  01  01  01  00  00  01  01  00  01  00  01  01  00  00  01  00  00  01  01  01  00  01  01  00  00  01  00  00  01]
[  01  00  00  01  01  01  01  00  00  01  01  01  00  01  01  00  00  01  00  01  01  01  01  00  01  01  00  00  01  00  01  01  00  00  00  01  01  01  00  01  00  01  00  00  00  01  00  00  01  00  01  00  01  00  00  00  00  00  00  01  00  00  00  01]
[  00  00  00  01  01  00  00  01  00  01  01  00  00  01  01  01  01  00  01  01  01  01  01  01  01  00  00  00  00  01  01  00  01  01  01  01  00  01  00  00  00  00  00  01  01  01  00  01  00  00  00  01  01  01  00  01  01  00  01  01  01  00  01  01]
B:
[  01  00  00  01  00  00  01  00  00  00  01  00  01  00  01  01  00  01  00  01  00  00  00  00  01  01  01  00  01  01  01  01  01  01  00  01  00  00  00  00  00  01  00  01  01  01  01  01  00  01  01  01  00  01  01  01  01  00  01  00  01  01  01  01]
[  00  00  00  00  00  00  01  00  00  01  01  01  01  00  01  01  00  00  00  00  01  01  01  00  00  00  01  01  01  00  00  00  00  01  00  00  01  01  00  01  01  00  01  00  00  00  01  00  00  00  00  01  01  01  00  01  00  01  01  01  01  01  01  00]
[  00  00  00  00  01  01  01  00  01  00  00  01  00  00  00  00  00  00  00  01  00  00  01  00  01  00  01  00  01  01  00  00  01  01  00  00  00  01  01  01  00  01  00  00  01  00  01  01  01  01  01  01  01  00  01  00  00  00  00  01  01  01  01  00]
[  00  01  01  00  01  00  01  01  01  01  01  01  00  00  00  01  01  01  00  00  01  01  00  01  01  01  01  01  00  00  01  00  00  00  00  01  00  01  00  00  00  01  01  00  00  01  01  01  01  01  00  00  00  00  00  00  01  01  01  01  01  00  01  01]
[  01  01  00  01  00  00  01  01  00  00  01  00  00  01  01  01  00  01  01  01  00  01  01  01  00  00  01  00  00  00  01  01  00  00  01  00  00  00  01  00  01  01  00  01  00  00  00  00  01  01  01  01  01  00  01  01  00  00  01  01  00  01  00  00]
[  01  01  01  01  00  00  00  01  01  00  00  01  00  00  00  00  01  01  01  00  00  00  00  00  00  01  01  01  00  00  01  01  01  00  01  01  01  01  00  00  01  00  00  00  00  00  00  00  01  01  00  01  00  00  00  00  00  01  01  00  01  01  00  01]
[  01  01  00  00  00  01  01  01  01  01  01  00  01  01  00  00  01  00  00  01  01  00  01  01  01  01  01  01  00  01  00  01  00  00  00  00  01  01  00  01  00  01  01  01  01  01  01  00  01  01  01  00  01  00  01  01  01  01  00  01  00  00  01  01]
[  00  01  01  00  00  01  01  00  01  00  01  00  01  00  00  00  00  01  01  01  01  00  00  01  01  00  00  00  00  01  01  01  00  00  01  00  00  00  00  01  00  01  01  01  00  01  01  00  00  00  01  01  01  00  00  00  00  01  00  01  00  01  00  01]
[  00  01  01  00  01  00  01  01  01  00  00  01  01  01  01  01  00  01  00  01  01  01  01  01  00  00  00  00  01  00  01  01  01  01  01  00  01  00  01  00  00  01  00  01  01  01  00  01  00  01  00  01  00  01  01  00  01  01  00  01  00  00  00  01]
[  01  00  00  00  00  01  00  01  01  00  00  00  00  01  01  00  00  01  00  00  00  01  00  00  00  00  01  00  00  01  00  01  01  00  01  00  01  00  01  00  00  01  00  00  00  01  01  00  00  01  00  01  00  00  01  00  01  00  01  01  01  01  01  01]
[  01  00  01  00  00  00  01  01  01  01  01  00  01  00  00  01  01  01  00  01  01  01  00  00  01  01  00  01  00  01  00  01  01  01  01  00  01  00  01  00  00  00  00  01  01  01  00  00  00  01  00  01  00  00  00  00  01  00  01  01  01  01  00  00]
[  00  01  00  01  00  01  01  00  00  00  01  01  01  01  01  01  00  01  00  01  01  00  01  00  00  00  01  01  01  01  00  01  01  00  00  01  00  01  01  00  01  00  01  00  01  00  01  00  00  00  01  01  00  00  00  01  00  01  00  01  01  00  00  00]
[  01  00  01  01  01  00  01  01  00  00  01  01  00  01  01  00  01  00  00  01  00  00  00  00  01  01  01  00  01  01  00  00  01  01  01  01  01  00  00  01  00  01  01  01  00  00  01  01  01  01  01  01  01  01  00  01  00  01  01  00  01  00  00  00]
[  01  00  01  01  00  01  00  01  01  01  00  01  00  01  01  01  01  00  00  00  01  00  01  00  00  01  00  01  01  00  01  00  00  01  01  01  00  00  00  01  01  00  01  01  01  00  00  00  00  01  01  01  01  00  01  01  01  01  00  00  00  00  01  00]
[  01  00  01  01  00  01  01  00  01  00  01  01  00  00  01  00  01  00  01  00  01  01  00  00  00  00  01  00  00  00  01  01  00  00  01  01  00  00  01  01  00  00  00  00  00  00  00  01  00  01  00  01  00  00  00  01  00  01  01  01  01  00  00  01]
[  01  01  00  01  01  01  00  01  00  01  01  00  01  01  00  01  01  00  01  01  00  01  00  00  00  00  01  01  00  00  00  01  01  01  00  01  00  01  00  00  00  00  01  01  01  01  00  00  01  01  00  01  00  00  01  00  00  01  01  01  01  00  00  00]
[  01  01  01  01  00  00  00  00  00  01  01  01  00  01  00  01  01  00  00  01  00  01  00  01  00  01  00  01  01  00  00  00  01  01  00  01  01  00  01  01  01  00  01  01  00  01  00  01  01  00  00  01  01  00  00  00  00  00  01  01  01  01  00  00]
[  01  00  00  00  00  01  00  01  00  01  00  00  00  00  01  01  00  01  00  01  00  01  01  00  01  01  01  00  00  01  01  01  01  01  00  01  00  00  00  00  01  00  00  01  00  01  00  00  01  00  00  01  01  01  01  01  00  00  01  01  00  00  00  01]
[  01  00  01  00  00  01  00  01  00  01  00  00  00  00  01  01  01  01  00  00  00  01  01  01  00  01  00  00  01  00  01  01  01  00  01  01  00  01  01  00  00  01  00  01  00  01  00  01  00  01  01  01  00  01  00  00  00  00  00  01  00  00  00  01]
[  00  01  01  00  01  00  00  01  01  01  00  01  00  01  00  01  00  00  00  00  01  00  01  01  00  01  00  00  01  01  00  00  00  01  00  01  01  01  01  00  00  01  00  00  00  00  01  00  00  01  01  01  01  00  00  01  01  01  00  01  00  00  01  00]
[  01  01  00  00  00  01  00  00  00  00  01  01  01  00  01  01  00  00  01  01  00  01  01  00  00  01  01  00  01  00  01  00  01  01  00  00  00  00  00  00  01  01  01  00  00  01  01  00  01  00  01  00  00  00  00  00  01  01  01  00  01  00  00  00]
[  01  00  00  01  01  01  01  00  00  01  00  00  00  01  00  01  00  00  01  00  00  01  00  00  00  01  00  01  01  01  00  00  01  00  01  00  01  01  00  00  00  00  00  00  00  01  01  00  01  01  00  01  00  00  01  01  00  00  00  01  01  00  00  00]
[  01  01  01  00  00  01  00  00  00  01  00  00  00  00  00  01  01  00  00  01  00  00  00  00  00  01  00  01  01  00  01  00  01  00  01  00  00  01  00  00  00  01  00  00  01  00  01  00  00  00  01  00  00  00  01  00  01  01  01  00  01  00  01  00]
[  01  00  00  01  01  01  01  00  00  01  00  01  01  00  01  01  00  00  01  00  00  00  00  01  01  01  00  00  01  01  01  00  01  01  01  00  00  00  00  00  01  01  01  00  01  00  01  01  01  01  01  01  01  01  01  01  00  01  01  01  00  00  00  01]
[  00  01  01  00  00  00  01  01  01  00  00  00  01  01  01  00  00  00  01  00  01  00  01  01  01  00  00  01  01  00  00  01  00  00  01  00  00  00  01  01  01  01  01  00  01  00  00  01  00  01  01  01  00  00  00  01  01  00  01  00  01  01  01  01]
[  01  00  01  01  01  00  00  00  00  01  00  01  01  00  00  01  01  00  00  01  00  00  01  01  01  00  01  00  01  00  01  01  01  00  00  00  00  01  00  00  00  00  01  00  00  00  01  01  00  00  01  00  00  00  00  01  00  01  01  01  00  00  00  01]
[  00  01  01  01  00  01  01  00  01  01  00  01  01  00  00  01  00  01  01  00  01  01  00  01  01  01  01  01  00  01  00  00  00  01  01  00  00  01  01  01  00  01  00  01  01  00  00  01  00  01  00  01  01  00  01  00  01  00  01  01  01  01  00  00]
[  00  01  00  00  00  01  01  00  01  01  01  00  01  01  00  01  01  00  01  00  00  00  00  01  00  01  01  01  00  01  01  00  00  00  00  01  01  01  01  00  00  01  01  01  00  01  01  01  01  00  01  01  00  01  00  00  00  01  01  00  00  01  00  01]
[  01  00  00  00  01  01  01  01  00  00  01  01  01  00  00  00  00  00  01  00  01  01  00  00  01  01  00  01  00  01  00  01  01  00  00  01  00  01  00  00  01  01  01  00  01  00  00  01  00  01  01  01  00  01  01  01  01  00  01  01  01  01  01  00]
[  00  01  01  00  00  00  00  01  01  00  01  01  00  01  00  00  00  00  01  00  01  01  00  00  01  01  00  00  00  01  00  00  00  00  00  00  00  01  01  01  01  00  00  01  01  01  01  01  01  00  01  00  01  01  01  00  00  01  00  01  00  01  01  00]
[  01  00  00  01  01  01  00  00  01  01  01  00  00  00  01  01  00  00  01  00  00  00  00  00  01  01  01  01  00  01  01  01  01  01  00  00  00  00  00  01  01  01  01  01  01  00  00  01  01  00  01  01  00  00  01  00  01  01  01  01  00  01  00  01]
[  00  00  01  01  00  01  00  00  00  00  01  01  00  00  00  01  00  00  00  00  00  00  00  01  01  00  00  01  01  00  00  01  00  01  00  00  00  01  00  00  01  00  01  01  00  01  01  00  01  01  00  01  01  01  00  00  01  00  01  00  00  01  01  00]
[  00  00  01  00  01  01  00  00  01  01  01  01  01  00  01  00  00  00  00  01  01  00  00  00  01  01  00  01  01  01  00  01  01  01  00  00  00  00  00  00  00  00  01  01  00  01  01  00  01  01  00  00  00  00  00  01  01  00  00  00  01  00  00  01]
[  01  00  01  00  00  00  00  00  00  01  01  00  00  01  01  01  00  01  01  00  01  01  01  00  01  00  01  01  00  01  00  00  01  01  00  01  01  00  00  01  01  01  00  00  00  01  01  01  00  01  01  01  00  01  01  00  01  00  01  01  01  01  01  00]
[  00  01  00  00  01  00  01  01  01  01  01  00  00  00  01  00  01  00  01  00  01  01  00  00  01  01  00  01  00  01  01  00  01  01  00  00  01  00  01  01  01  00  01  00  01  00  00  00  00  00  00  00  01  00  00  00  01  00  01  01  00  01  00  01]
[  00  00  01  00  00  01  01  00  01  00  00  00  00  00  01  00  00  01  00  01  00  01  00  01  01  01  01  01  00  01  00  01  01  00  01  00  01  00  00  00  00  00  01  00  00  00  00  01  01  01  00  01  00  00  01  01  00  00  01  00  01  01  01  00]
[  01  00  00  00  00  00  01  00  00  00  00  01  00  01  00  01  00  00  01  00  01  00  01  01  00  00  01  01  00  01  01  01  01  00  00  00  00  01  00  01  01  01  00  01  00  00  00  00  00  01  00  01  01  01  00  01  00  00  00  00  01  00  01  00]
[  00  01  00  00  00  01  01  01  00  01  00  00  01  01  00  00  00  00  01  00  01  00  01  01  00  00  01  01  00  01  01  00  00  00  00  01  01  00  00  01  01  01  01  01  00  01  01  00  01  00  00  00  00  00  00  00  00  01  01  00  00  01  00  01]
[  01  00  00  00  00  00  01  00  01  00  01  01  01  00  00  00  00  00  00  01  00  00  01  00  00  01  00  00  00  00  01  01  01  01  01  01  00  00  01  01  00  00  01  01  00  01  01  01  01  01  00  00  00  01  00  00  00  01  00  00  01  00  01  00]
[  01  00  00  01  00  01  01  00  00  00  01  00  01  00  01  00  00  01  00  00  01  01  00  01  00  00  00  01  00  01  00  00  00  00  01  00  01  00  01  01  00  00  00  01  01  01  00  01  01  00  01  00  01  01  01  01  01  01  01  00  01  01  00  01]
[  01  01  01  00  00  00  00  00  01  00  00  00  01  00  01  00  00  00  00  00  01  00  01  00  01  00  00  00  01  00  01  00  00  01  01  00  01  01  00  00  01  00  00  00  00  01  01  01  01  01  01  00  01  00  01  01  01  01  01  00  00  01  01  00]
[  00  00  00  01  01  00  00  00  01  00  00  01  00  01  00  01  01  01  00  00  00  01  01  01  00  01  01  00  00  00  00  00  00  00  01  01  01  01  01  00  00  00  01  00  01  00  01  00  01  01  01  01  00  00  00  01  01  00  01  01  00  00  01  01]
[  00  01  00  01  00  00  01  00  00  01  00  01  01  00  00  00  01  01  00  00  01  00  01  01  00  00  00  01  00  00  00  01  01  00  00  01  00  00  00  00  01  00  00  00  00  00  00  00  01  00  00  00  01  01  01  01  01  00  00  00  00  00  01  01]
[  01  01  00  01  01  00  00  00  01  00  00  01  00  01  01  01  01  01  01  00  00  01  00  00  01  00  00  01  01  01  00  00  00  00  01  00  01  01  00  00  01  01  01  01  00  01  00  01  00  00  00  01  01  00  01  00  00  01  01  01  00  01  01  00]
[  01  01  00  00  00  01  00  00  00  00  01  00  01  00  01  01  00  01  00  01  01  01  01  00  00  00  01  00  01  01  01  00  00  01  01  00  00  01  00  00  01  00  00  00  00  00  00  00  01  00  01  01  00  00  01  00  00  00  01  01  01  00  01  01]
[  01  00  00  00  00  00  00  01  00  01  00  00  01  00  00  00  00  01  01  00  01  00  01  01  01  00  00  00  00  00  00  01  00  00  01  00  00  00  00  01  01  00  01  00  00  00  00  00  01  00  01  01  00  00  00  01  00  01  00  00  01  00  01  01]
[  00  01  00  00  01  00  01  00  00  01  00  00  01  00  00  00  00  01  01  01  01  00  00  01  01  00  01  00  00  01  01  00  00  01  01  01  01  00  01  01  01  01  01  00  01  00  01  00  01  00  01  01  00  01  00  01  00  00  01  00  01  01  01  01]
[  00  00  00  00  00  01  01  00  00  01  00  01  01  01  01  00  00  00  01  00  00  00  00  00  00  01  00  01  00  01  00  01  01  00  01  00  01  00  00  01  01  00  00  00  00  00  01  00  00  00  00  00  00  00  00  00  00  01  01  00  00  01  01  00]
[  01  00  00  00  01  00  01  00  00  00  01  00  00  00  00  00  00  01  01  01  01  01  01  01  00  01  00  01  00  01  01  00  00  01  00  01  01  00  01  01  00  00  00  00  00  00  00  01  01  01  00  01  01  01  00  01  00  00  00  01  00  01  01  00]
[  00  01  01  01  01  00  01  01  01  01  01  01  01  00  00  01  01  00  00  00  00  00  00  00  01  00  01  01  00  00  01  00  00  00  00  01  00  01  01  01  00  00  01  01  00  01  00  00  00  00  00  00  01  00  00  00  01  00  01  01  00  00  01  00]
[  00  01  00  00  00  01  00  00  01  01  00  00  00  00  00  00  01  00  00  00  01  01  00  00  01  01  01  01  01  00  00  01  00  00  01  00  01  01  01  00  00  01  00  01  01  00  01  00  01  00  00  00  01  00  00  00  01  01  01  00  01  01  01  01]
[  01  01  00  00  00  01  01  01  00  01  00  01  00  01  00  01  01  00  01  00  01  01  00  00  00  00  01  01  01  00  01  01  01  01  01  00  00  00  01  00  00  01  01  00  00  01  01  00  00  00  00  01  01  01  01  01  01  00  00  00  01  01  01  00]
[  00  01  00  00  01  01  00  01  00  00  01  01  01  00  01  01  00  01  00  01  00  00  00  01  00  01  00  01  00  01  00  01  00  00  01  00  00  00  01  00  00  01  01  01  01  00  01  00  00  01  01  00  01  00  00  00  01  00  01  01  01  01  00  00]
[  00  00  00  00  00  01  00  00  00  00  01  00  00  00  00  00  00  01  01  01  01  01  01  00  01  01  00  00  00  00  00  00  00  00  00  00  00  01  00  00  01  00  00  01  00  00  00  00  00  01  00  01  00  01  00  01  00  00  01  01  00  00  01  01]
[  00  00  01  00  01  00  01  00  00  01  01  00  00  01  01  00  00  01  01  00  00  01  01  01  01  01  00  00  01  01  01  01  01  00  00  00  00  01  00  00  00  00  01  00  01  00  00  00  01  00  00  01  01  00  00  01  01  00  01  00  00  00  01  01]
[  00  01  00  01  00  00  01  01  00  00  01  00  00  00  00  01  00  00  01  01  00  01  00  01  00  01  01  00  01  01  01  00  00  01  01  01  00  00  00  00  01  01  00  01  01  00  01  01  01  00  01  01  01  01  01  01  01  00  01  00  01  01  00  00]
[  00  01  01  00  00  01  01  01  00  01  00  00  00  01  01  01  01  00  00  01  00  01  00  01  00  00  01  01  01  00  01  01  01  00  00  01  01  01  00  00  00  01  00  00  00  01  01  00  00  00  01  00  01  01  01  01  01  00  01  00  00  00  00  00]
[  01  00  01  00  01  00  00  01  01  00  00  01  00  01  01  00  01  00  00  01  00  01  00  01  01  01  00  00  00  00  00  01  00  01  01  01  01  00  00  00  00  00  00  00  00  01  00  01  00  00  00  00  01  01  01  01  00  01  01  00  01  01  01  01]
[  00  01  00  00  01  01  00  01  01  00  00  01  00  00  01  00  01  01  00  00  00  01  01  01  01  00  01  00  01  01  00  00  00  00  00  01  01  00  00  01  01  00  00  01  01  01  01  00  01  01  00  01  00  00  00  01  00  00  00  00  01  00  00  01]
[  00  00  00  00  00  00  01  01  01  01  00  00  01  01  00  00  00  00  01  01  00  00  00  01  00  00  01  01  00  01  00  01  01  00  01  01  00  00  01  01  01  01  01  00  01  01  00  01  00  00  00  00  00  01  01  00  01  00  01  00  01  01  01  00]
[  01  00  00  01  00  01  01  01  00  00  00  01  00  00  01  00  00  01  00  00  00  00  00  00  00  01  00  00  00  01  00  01  01  00  01  01  01  00  00  00  00  00  01  00  01  00  00  01  00  01  00  00  01  00  00  01  00  00  01  00  01  00  00  00]
[  00  01  01  00  01  00  00  01  00  01  00  01  00  00  01  00  01  01  00  00  01  01  00  01  01  01  00  01  01  00  01  00  01  01  00  00  01  00  01  01  01  01  01  01  00  00  01  01  01  00  00  00  01  00  00  00  01  00  01  01  00  01  01  01]
[  00  01  01  01  01  00  00  00  00  01  00  00  01  01  01  00  01  01  01  00  01  01  01  01  01  00  00  01  01  01  00  01  00  01  00  01  01  01  01  01  00  01  01  00  01  01  00  00  00  01  01  00  00  00  01  01  00  01  00  00  00  00  01  00]
[  01  00  01  01  01  00  00  01  00  00  01  01  01  00  01  01  01  00  01  00  00  00  01  01  01  00  01  01  00  00  01  00  00  00  01  01  01  01  01  01  01  00  00  00  00  01  00  00  00  01  00  00  00  01  01  01  01  00  01  00  01  00  00  01]
CPU Result:
[  19  17  11  14  13  15  19  16  18  12  16  20  14  11  18  17  13  16  17  13  15  16  14  16  15  21  18  19  13  18  20  18  19  13  20  16  14  14  17  13  19  19  18  14  17  12  17  19  19  20  17  20  16  13  18  17  19  17  24  17  20  19  20  16]
[  17  16  13  14  12  14  15  13  12  12  14  18  12  10  17  16  14  17  14  14  14  17  14  19  13  15  18  17  13  15  17  17  15  12  18  15  14  13  13  12  17  14  16  10  11  11  15  14  15  17  13  19  15  11  15  20  13  13  23  17  19  16  17  16]
[  19  14  16  14  15  17  18  14  15  21  19  17  17  15  17  19  14  14  18  18  14  18  14  17  20  20  19  21  16  20  20  21  20  19  16  16  16  18  16  17  18  15  18  19  13  19  18  13  20  18  14  23  18  16  17  18  14  15  26  19  18  20  21  18]
[  15  16  11  12  07  15  18  12  12  13  15  16  14  11  15  16  14  12  13  14  10  14  10  11  13  15  17  18  15  16  14  17  18  10  17  12  15  14  11  10  15  12  15  12  10  15  18  10  14  12  12  16  13  12  13  14  12  14  21  11  18  16  14  11]
[  10  11  12  10  10  15  12  11  12  13  11  12  10  07  14  13  08  10  12  07  09  11  08  13  15  15  12  18  11  16  11  14  14  07  13  08  08  13  12  11  13  10  12  13  14  11  10  09  13  13  09  14  12  09  11  12  14  08  17  11  15  12  10  13]
[  16  12  16  13  12  14  16  12  12  14  17  16  17  10  18  14  11  17  12  16  16  14  15  16  17  13  14  15  12  16  13  17  13  13  17  12  14  12  13  14  13  10  17  12  13  12  11  11  13  17  15  19  14  09  13  19  11  14  20  17  18  13  14  16]
[  11  14  11  10  09  11  17  12  12  13  15  11  18  07  15  14  07  15  13  11  14  12  11  16  16  12  14  16  10  16  14  13  08  10  16  12  08  11  10  11  15  13  16  13  11  12  10  12  14  12  14  17  14  11  15  17  16  09  21  11  16  16  16  14]
[  19  19  19  15  14  21  18  18  17  17  18  24  18  12  18  21  16  15  15  19  16  18  17  23  17  22  20  22  16  19  22  21  20  16  18  20  13  16  15  17  20  17  20  20  15  18  18  17  20  19  17  21  18  16  18  19  19  16  24  20  19  16  17  19]
[  12  16  13  09  09  10  13  14  12  12  08  12  15  12  13  10  10  14  15  08  15  12  12  16  15  11  11  15  10  15  10  12  10  09  14  16  16  13  11  12  15  15  10  10  13  15  11  14  10  14  14  14  10  14  16  16  14  13  19  08  15  15  16  14]
[  19  23  17  16  15  16  22  17  18  22  18  21  18  15  16  21  17  18  16  16  21  20  15  18  19  24  18  24  18  21  18  16  20  17  18  18  21  19  18  15  18  19  18  17  18  17  22  18  21  19  21  21  20  12  18  20  23  18  26  21  20  21  21  16]
[  16  20  18  09  13  15  15  17  18  19  17  18  15  14  16  20  14  11  15  15  17  18  11  17  14  17  18  17  14  16  21  16  17  19  16  16  12  13  17  15  14  19  18  17  11  19  18  17  14  15  16  18  16  13  15  12  19  15  22  19  18  17  16  15]
[  18  23  18  12  12  13  21  17  18  21  17  19  19  14  17  20  16  16  17  15  20  16  15  20  20  17  18  22  12  17  21  19  17  15  17  15  16  15  16  18  20  19  20  18  13  17  18  17  17  15  17  20  19  13  15  16  16  20  26  22  17  20  17  19]
[  16  16  11  10  13  11  18  16  12  12  15  14  19  10  15  13  10  15  14  12  15  11  14  17  14  14  15  18  09  17  16  16  14  13  16  15  16  10  14  15  16  14  14  16  11  12  12  13  18  18  14  19  11  12  12  16  14  13  21  12  17  17  16  15]
[  15  18  15  14  12  18  19  16  14  21  17  15  19  16  17  20  16  17  15  16  18  19  18  21  20  17  21  23  19  21  13  20  18  14  14  18  18  18  13  15  17  19  21  21  13  21  21  13  19  18  18  23  16  15  14  22  18  16  24  17  19  16  19  18]
[  11  16  14  14  16  16  19  11  13  15  16  18  17  08  17  14  12  16  12  14  17  16  16  19  21  14  18  18  16  19  14  14  11  14  14  14  15  16  13  14  14  14  17  16  14  14  17  14  19  18  12  18  18  13  14  21  15  15  22  16  16  14  16  17]
[  13  19  14  11  13  16  18  17  14  17  14  16  19  13  17  13  12  17  13  14  18  12  17  19  18  13  17  19  13  21  15  17  15  14  15  16  17  13  14  17  19  16  19  15  13  14  17  12  18  16  19  19  16  11  15  17  15  16  21  16  14  18  18  16]
[  17  19  18  11  16  15  19  19  12  14  17  15  15  14  18  17  12  17  17  17  16  18  16  23  20  21  14  16  17  20  18  17  15  16  18  15  17  15  13  13  15  20  17  18  16  18  19  15  19  24  17  21  17  14  15  21  16  15  23  16  18  16  18  16]
[  20  23  13  12  12  15  19  18  16  17  17  18  17  11  18  21  15  18  15  15  17  20  16  18  15  18  18  22  16  16  19  18  19  17  19  12  14  14  16  14  19  18  19  17  14  15  15  15  19  19  14  23  17  10  16  15  18  15  23  21  21  18  18  15]
[  18  13  11  13  15  16  19  15  14  12  15  17  13  11  19  17  11  19  15  17  11  18  15  18  16  19  18  15  14  20  18  17  18  14  19  16  13  12  12  13  17  19  16  17  16  13  14  15  17  18  17  25  18  17  18  20  16  13  24  17  18  18  19  17]
[  17  22  15  17  16  26  24  16  20  18  20  22  20  20  23  20  13  18  19  16  19  19  17  19  20  21  21  20  21  26  18  21  17  17  22  16  18  18  20  18  16  23  23  22  20  20  25  15  21  23  22  26  20  13  18  22  20  20  26  20  20  19  21  20]
[  16  18  14  11  18  18  20  18  16  18  19  17  17  14  21  18  13  17  15  19  15  18  17  16  18  19  19  19  15  21  16  18  19  16  18  17  17  16  15  14  17  15  18  12  15  16  19  10  18  19  16  21  17  11  15  21  19  13  27  20  21  16  19  17]
[  16  14  14  13  10  18  17  12  12  16  14  16  12  12  18  13  12  10  15  11  14  18  15  17  17  17  16  19  17  14  14  16  16  13  14  12  16  13  08  14  20  14  15  13  12  12  17  15  20  16  15  19  17  11  16  20  16  15  25  14  16  19  17  16]
[  18  22  17  14  15  16  16  19  16  18  18  21  15  14  17  18  19  14  16  17  18  21  16  20  18  18  23  19  16  17  17  16  17  17  18  18  17  18  19  17  18  18  15  18  14  17  19  15  20  19  18  19  21  15  17  20  20  13  26  19  22  18  18  18]
[  19  13  09  11  14  14  14  11  13  15  14  14  15  11  15  12  11  15  15  15  13  17  18  15  17  18  16  14  16  17  14  17  15  14  15  15  16  16  11  13  16  14  18  13  13  15  15  14  20  17  15  19  12  10  13  19  11  14  21  15  18  16  19  17]
[  15  15  14  15  10  13  18  11  13  15  13  17  15  11  12  17  13  08  14  09  14  11  11  15  14  14  17  16  14  13  18  14  12  15  13  13  11  13  07  12  12  16  16  14  09  15  16  13  14  15  13  17  15  12  14  16  14  18  18  12  13  13  13  14]
[  15  18  13  12  15  18  17  17  12  17  15  20  16  14  22  18  15  15  16  16  17  20  15  17  14  17  18  21  16  19  17  15  17  17  16  17  15  13  12  15  19  17  16  15  13  15  16  12  14  17  11  18  16  14  17  18  16  16  24  17  19  13  16  16]
[  23  17  17  15  11  20  19  15  13  17  18  19  15  14  21  19  14  18  17  13  19  20  15  14  19  18  18  21  19  22  18  20  20  17  22  17  17  20  17  18  18  18  18  16  16  18  19  15  16  20  19  25  21  16  19  20  17  16  25  18  25  20  21  15]
[  15  22  19  14  12  12  19  19  18  20  11  19  13  15  17  19  20  14  14  10  19  21  15  21  15  16  17  22  19  14  19  16  16  13  19  16  18  16  18  15  18  18  17  16  15  16  16  16  16  17  15  19  19  12  16  19  19  17  24  17  16  18  19  16]
[  13  11  12  05  08  14  12  11  12  11  12  10  07  12  16  15  08  15  11  13  09  18  12  15  13  15  16  12  11  15  15  17  15  10  13  11  11  11  09  09  12  15  09  12  10  15  14  11  14  13  12  17  11  12  14  11  14  10  19  13  13  14  17  14]
[  15  10  10  11  08  11  17  13  09  08  13  14  15  11  14  13  08  13  12  12  12  12  13  12  13  11  12  12  10  14  11  17  16  08  14  11  10  11  10  09  13  13  14  14  10  12  11  13  09  17  11  18  10  13  12  15  08  12  17  15  14  12  12  12]
[  12  11  11  09  10  15  17  10  12  12  15  17  17  07  16  13  09  12  13  11  16  15  12  12  17  13  16  19  13  16  10  15  15  13  13  11  10  11  16  15  13  15  15  13  14  13  14  13  10  18  11  16  11  12  12  16  16  09  19  13  22  15  16  11]
[  18  18  14  13  14  15  16  21  13  18  15  19  14  16  22  20  13  14  17  14  13  19  14  15  14  18  20  19  15  19  19  17  20  18  18  16  17  12  13  14  19  19  20  14  12  16  18  15  16  17  15  18  16  13  19  15  16  18  26  18  17  17  16  13]
[  16  15  10  09  09  15  15  13  09  13  17  10  11  11  13  16  10  11  13  12  14  17  13  13  13  15  16  17  13  17  15  11  15  09  08  13  11  14  10  13  15  15  12  13  12  15  15  13  13  13  16  16  10  11  13  14  15  10  19  17  16  13  14  14]
[  19  20  14  11  15  16  18  17  13  18  19  17  17  11  15  20  17  17  12  15  16  23  15  19  15  17  14  20  18  15  18  17  18  15  17  13  16  17  14  12  14  15  20  16  13  20  19  13  19  16  15  20  18  12  15  16  21  14  23  21  18  16  19  16]
[  14  14  13  12  14  14  16  13  13  16  16  16  14  10  14  15  10  16  15  14  16  18  18  18  19  18  19  14  12  15  16  17  13  16  12  14  14  16  15  15  13  15  18  15  14  13  16  14  20  19  13  19  14  11  13  18  14  16  22  18  15  14  19  17]
[  16  15  13  12  12  16  19  12  11  15  19  16  22  08  18  18  11  17  15  16  13  15  14  17  13  14  17  15  13  16  19  18  15  13  17  14  12  13  15  13  12  12  15  15  12  15  15  11  15  16  15  20  11  12  10  16  12  15  21  16  18  13  10  17]
[  16  15  10  08  09  12  12  15  12  14  13  12  10  12  11  12  13  12  12  12  12  16  12  16  11  16  12  17  13  15  12  15  15  12  13  13  15  12  13  12  14  13  14  15  12  15  13  10  16  12  09  16  14  09  09  11  14  14  18  12  17  15  15  13]
[  13  14  12  08  14  14  12  13  13  15  11  14  13  10  16  14  09  12  13  11  12  17  09  12  18  16  13  15  12  17  11  15  15  14  11  09  13  14  09  11  12  15  15  10  10  14  16  13  12  13  14  15  14  07  16  13  13  15  20  18  14  17  16  11]
[  19  19  19  16  16  21  21  17  15  20  18  19  16  13  17  20  16  17  15  18  16  20  16  20  17  25  19  21  17  19  21  18  21  16  17  19  16  18  13  15  14  19  18  19  15  16  19  18  21  21  19  23  19  12  18  20  21  18  27  22  17  17  18  18]
[  14  11  12  10  12  13  19  12  09  13  12  13  16  11  15  10  08  14  12  13  13  12  12  17  16  15  12  13  11  19  13  14  14  13  14  16  14  11  12  14  11  15  14  11  14  15  12  16  13  15  13  15  14  13  14  16  11  13  18  13  14  14  13  14]
[  17  14  11  09  13  18  13  14  12  21  11  16  11  11  15  15  16  08  11  11  12  16  10  12  12  19  14  16  15  14  15  13  16  15  13  14  16  11  13  12  11  12  16  12  10  14  17  10  14  13  10  16  15  09  10  16  12  14  19  16  15  12  14  15]
[  13  10  07  09  10  14  10  13  10  10  14  11  12  11  16  13  08  11  09  11  12  13  12  09  13  09  13  15  11  15  07  13  12  11  10  09  10  10  08  11  15  11  15  13  13  11  10  10  09  13  12  17  10  10  13  12  13  11  18  16  13  12  12  12]
[  19  15  13  14  13  15  17  13  08  15  16  17  19  13  14  17  13  15  16  12  15  16  16  20  16  17  15  17  14  15  15  17  15  14  17  17  13  17  13  12  14  15  20  14  12  17  15  15  18  19  16  19  13  15  13  20  15  13  24  12  21  14  18  17]
[  10  14  09  09  09  18  17  10  12  16  12  16  14  11  13  16  11  11  11  07  14  16  12  14  11  12  18  17  14  14  12  10  12  11  13  11  13  14  14  13  12  15  14  12  11  15  18  12  15  13  11  16  11  10  11  10  14  13  18  16  15  13  14  14]
[  16  12  10  12  16  12  15  14  12  11  16  15  12  08  15  11  12  12  13  10  09  11  08  12  16  15  15  13  09  16  14  13  14  12  12  17  13  11  12  12  12  11  16  09  13  11  12  14  15  16  12  18  12  09  10  15  11  12  21  14  18  14  12  15]
[  16  17  17  13  14  15  17  13  17  16  17  17  18  15  16  17  15  19  14  15  18  18  17  20  22  15  18  17  14  20  16  19  14  12  15  16  17  18  13  13  16  12  18  17  11  22  17  12  19  18  13  22  13  12  15  21  14  15  22  18  17  14  20  22]
[  17  16  16  08  11  15  14  18  18  17  13  14  14  10  17  19  13  13  08  13  15  17  14  15  18  17  14  18  14  13  15  19  13  14  18  10  13  16  13  10  13  16  16  15  12  14  13  13  12  17  15  18  16  09  16  14  19  15  23  19  15  16  19  14]
[  16  13  12  12  10  13  15  07  10  15  14  17  16  11  13  15  08  15  16  11  14  16  16  15  18  13  13  14  12  16  13  14  15  13  14  10  11  16  12  15  18  14  16  13  11  14  16  12  16  14  16  19  17  13  15  16  13  14  22  17  14  16  21  12]
[  16  15  14  10  11  14  15  14  15  15  15  15  15  13  18  14  12  18  14  12  17  17  15  15  18  15  16  16  13  18  13  22  19  16  14  13  16  13  11  12  15  13  18  13  15  18  16  10  16  18  14  21  13  12  14  18  16  14  18  14  18  16  18  17]
[  17  20  15  13  13  18  16  15  13  16  14  19  13  15  19  19  14  17  14  15  16  18  17  15  15  17  19  19  19  18  17  15  19  16  14  17  14  15  14  14  17  19  14  17  14  13  16  13  16  19  14  24  18  11  15  16  17  14  24  19  19  14  18  16]
[  20  16  15  15  13  15  20  14  16  15  17  17  17  16  19  18  12  19  17  15  15  20  16  17  17  19  19  18  15  22  16  21  21  16  19  17  15  13  18  13  16  16  17  14  16  16  16  19  19  22  17  26  13  14  19  20  16  13  24  20  20  19  17  16]
[  19  21  15  16  17  20  22  20  14  19  20  22  17  17  22  21  16  18  20  20  16  23  18  19  18  21  25  22  18  23  20  19  22  21  20  23  20  17  19  18  22  19  19  15  15  19  25  14  22  22  18  25  19  19  21  23  18  16  30  21  24  21  24  17]
[  19  16  17  12  13  18  17  16  15  14  19  16  15  13  18  18  12  14  12  18  17  18  15  17  19  17  19  21  14  18  16  16  16  18  16  18  15  15  12  16  17  15  16  18  14  18  15  16  18  21  15  22  15  16  19  20  19  13  24  16  22  15  19  15]
[  11  19  16  13  11  12  12  11  14  13  15  17  12  10  15  15  11  13  12  09  15  14  12  13  14  15  14  13  15  15  14  11  11  14  13  14  10  12  11  12  14  14  13  13  13  11  14  12  15  14  15  17  15  07  12  12  15  16  17  15  14  11  12  12]
[  16  16  10  13  12  13  18  15  13  15  13  13  11  14  15  15  12  13  14  08  14  16  12  14  14  16  15  16  16  17  14  13  12  11  17  15  16  14  13  12  14  16  15  13  15  12  17  13  17  14  18  21  18  13  16  22  18  13  21  12  16  17  20  13]
[  15  15  15  08  06  18  16  15  13  12  14  14  12  12  17  17  09  12  13  13  16  19  14  13  14  15  15  15  15  12  16  18  13  10  18  11  10  16  10  10  17  14  12  13  09  14  15  11  13  15  15  20  14  12  15  17  14  15  21  16  17  14  19  13]
[  10  08  07  08  07  12  13  06  06  12  09  07  08  07  12  11  06  10  12  09  10  12  09  09  14  09  13  11  09  13  11  12  11  10  10  08  09  10  08  10  12  10  08  08  07  08  10  06  11  12  10  15  10  09  11  13  07  06  16  11  11  10  14  10]
[  15  19  12  12  13  18  18  15  11  17  17  15  19  12  18  15  09  16  14  14  17  14  15  17  14  16  16  16  15  21  15  13  11  15  17  14  14  13  11  15  14  16  19  14  15  13  19  09  18  17  18  18  17  07  13  19  15  18  21  15  18  13  16  13]
[  19  15  20  11  12  17  21  18  16  16  17  19  16  11  18  14  15  18  17  15  21  20  17  19  21  18  17  19  17  18  17  20  17  15  24  17  17  16  14  17  19  15  16  13  16  15  17  19  18  20  17  24  17  18  17  22  18  17  26  15  24  21  24  19]
[  21  16  13  15  13  17  17  18  17  17  18  17  19  15  20  20  15  17  17  13  15  21  14  17  18  16  20  21  11  20  14  21  17  14  19  15  19  17  14  14  19  14  14  16  15  20  16  15  17  19  16  22  15  15  22  18  19  16  28  21  19  21  17  19]
[  19  19  17  12  15  19  18  18  15  17  14  21  16  15  22  17  13  16  18  14  20  17  17  20  18  18  13  24  18  19  18  21  19  18  20  13  19  15  14  16  22  19  20  14  12  14  16  14  16  21  16  23  21  13  19  21  18  16  25  18  18  22  23  17]
[  22  15  20  13  15  16  20  19  16  20  19  18  16  14  21  20  17  16  17  15  18  18  16  19  25  22  18  20  14  20  20  19  18  14  19  18  17  17  12  18  19  18  23  17  16  17  17  18  15  20  20  23  19  15  16  23  18  17  30  21  19  18  21  20]
[  20  12  12  13  10  17  16  16  14  14  15  14  14  12  14  18  11  14  14  13  15  14  15  17  14  18  19  21  11  17  15  20  15  09  17  14  13  14  14  12  15  16  16  13  14  13  15  11  16  20  16  20  11  09  14  19  19  15  23  16  20  16  17  16]
[  20  20  17  13  13  22  17  21  16  21  18  16  15  17  22  21  15  16  22  15  17  22  14  18  17  20  17  22  17  22  17  19  19  15  22  16  16  13  15  16  20  20  20  16  15  20  18  14  16  21  18  23  14  10  19  18  18  16  26  20  22  18  17  16]
CPU Time: 0.000913
GPU Result:
[  19  17  11  14  13  15  19  16  18  12  16  20  14  11  18  17  13  16  17  13  15  16  14  16  15  21  18  19  13  18  20  18  19  13  20  16  14  14  17  13  19  19  18  14  17  12  17  19  19  20  17  20  16  13  18  17  19  17  24  17  20  19  20  16]
[  17  16  13  14  12  14  15  13  12  12  14  18  12  10  17  16  14  17  14  14  14  17  14  19  13  15  18  17  13  15  17  17  15  12  18  15  14  13  13  12  17  14  16  10  11  11  15  14  15  17  13  19  15  11  15  20  13  13  23  17  19  16  17  16]
[  19  14  16  14  15  17  18  14  15  21  19  17  17  15  17  19  14  14  18  18  14  18  14  17  20  20  19  21  16  20  20  21  20  19  16  16  16  18  16  17  18  15  18  19  13  19  18  13  20  18  14  23  18  16  17  18  14  15  26  19  18  20  21  18]
[  15  16  11  12  07  15  18  12  12  13  15  16  14  11  15  16  14  12  13  14  10  14  10  11  13  15  17  18  15  16  14  17  18  10  17  12  15  14  11  10  15  12  15  12  10  15  18  10  14  12  12  16  13  12  13  14  12  14  21  11  18  16  14  11]
[  10  11  12  10  10  15  12  11  12  13  11  12  10  07  14  13  08  10  12  07  09  11  08  13  15  15  12  18  11  16  11  14  14  07  13  08  08  13  12  11  13  10  12  13  14  11  10  09  13  13  09  14  12  09  11  12  14  08  17  11  15  12  10  13]
[  16  12  16  13  12  14  16  12  12  14  17  16  17  10  18  14  11  17  12  16  16  14  15  16  17  13  14  15  12  16  13  17  13  13  17  12  14  12  13  14  13  10  17  12  13  12  11  11  13  17  15  19  14  09  13  19  11  14  20  17  18  13  14  16]
[  11  14  11  10  09  11  17  12  12  13  15  11  18  07  15  14  07  15  13  11  14  12  11  16  16  12  14  16  10  16  14  13  08  10  16  12  08  11  10  11  15  13  16  13  11  12  10  12  14  12  14  17  14  11  15  17  16  09  21  11  16  16  16  14]
[  19  19  19  15  14  21  18  18  17  17  18  24  18  12  18  21  16  15  15  19  16  18  17  23  17  22  20  22  16  19  22  21  20  16  18  20  13  16  15  17  20  17  20  20  15  18  18  17  20  19  17  21  18  16  18  19  19  16  24  20  19  16  17  19]
[  12  16  13  09  09  10  13  14  12  12  08  12  15  12  13  10  10  14  15  08  15  12  12  16  15  11  11  15  10  15  10  12  10  09  14  16  16  13  11  12  15  15  10  10  13  15  11  14  10  14  14  14  10  14  16  16  14  13  19  08  15  15  16  14]
[  19  23  17  16  15  16  22  17  18  22  18  21  18  15  16  21  17  18  16  16  21  20  15  18  19  24  18  24  18  21  18  16  20  17  18  18  21  19  18  15  18  19  18  17  18  17  22  18  21  19  21  21  20  12  18  20  23  18  26  21  20  21  21  16]
[  16  20  18  09  13  15  15  17  18  19  17  18  15  14  16  20  14  11  15  15  17  18  11  17  14  17  18  17  14  16  21  16  17  19  16  16  12  13  17  15  14  19  18  17  11  19  18  17  14  15  16  18  16  13  15  12  19  15  22  19  18  17  16  15]
[  18  23  18  12  12  13  21  17  18  21  17  19  19  14  17  20  16  16  17  15  20  16  15  20  20  17  18  22  12  17  21  19  17  15  17  15  16  15  16  18  20  19  20  18  13  17  18  17  17  15  17  20  19  13  15  16  16  20  26  22  17  20  17  19]
[  16  16  11  10  13  11  18  16  12  12  15  14  19  10  15  13  10  15  14  12  15  11  14  17  14  14  15  18  09  17  16  16  14  13  16  15  16  10  14  15  16  14  14  16  11  12  12  13  18  18  14  19  11  12  12  16  14  13  21  12  17  17  16  15]
[  15  18  15  14  12  18  19  16  14  21  17  15  19  16  17  20  16  17  15  16  18  19  18  21  20  17  21  23  19  21  13  20  18  14  14  18  18  18  13  15  17  19  21  21  13  21  21  13  19  18  18  23  16  15  14  22  18  16  24  17  19  16  19  18]
[  11  16  14  14  16  16  19  11  13  15  16  18  17  08  17  14  12  16  12  14  17  16  16  19  21  14  18  18  16  19  14  14  11  14  14  14  15  16  13  14  14  14  17  16  14  14  17  14  19  18  12  18  18  13  14  21  15  15  22  16  16  14  16  17]
[  13  19  14  11  13  16  18  17  14  17  14  16  19  13  17  13  12  17  13  14  18  12  17  19  18  13  17  19  13  21  15  17  15  14  15  16  17  13  14  17  19  16  19  15  13  14  17  12  18  16  19  19  16  11  15  17  15  16  21  16  14  18  18  16]
[  17  19  18  11  16  15  19  19  12  14  17  15  15  14  18  17  12  17  17  17  16  18  16  23  20  21  14  16  17  20  18  17  15  16  18  15  17  15  13  13  15  20  17  18  16  18  19  15  19  24  17  21  17  14  15  21  16  15  23  16  18  16  18  16]
[  20  23  13  12  12  15  19  18  16  17  17  18  17  11  18  21  15  18  15  15  17  20  16  18  15  18  18  22  16  16  19  18  19  17  19  12  14  14  16  14  19  18  19  17  14  15  15  15  19  19  14  23  17  10  16  15  18  15  23  21  21  18  18  15]
[  18  13  11  13  15  16  19  15  14  12  15  17  13  11  19  17  11  19  15  17  11  18  15  18  16  19  18  15  14  20  18  17  18  14  19  16  13  12  12  13  17  19  16  17  16  13  14  15  17  18  17  25  18  17  18  20  16  13  24  17  18  18  19  17]
[  17  22  15  17  16  26  24  16  20  18  20  22  20  20  23  20  13  18  19  16  19  19  17  19  20  21  21  20  21  26  18  21  17  17  22  16  18  18  20  18  16  23  23  22  20  20  25  15  21  23  22  26  20  13  18  22  20  20  26  20  20  19  21  20]
[  16  18  14  11  18  18  20  18  16  18  19  17  17  14  21  18  13  17  15  19  15  18  17  16  18  19  19  19  15  21  16  18  19  16  18  17  17  16  15  14  17  15  18  12  15  16  19  10  18  19  16  21  17  11  15  21  19  13  27  20  21  16  19  17]
[  16  14  14  13  10  18  17  12  12  16  14  16  12  12  18  13  12  10  15  11  14  18  15  17  17  17  16  19  17  14  14  16  16  13  14  12  16  13  08  14  20  14  15  13  12  12  17  15  20  16  15  19  17  11  16  20  16  15  25  14  16  19  17  16]
[  18  22  17  14  15  16  16  19  16  18  18  21  15  14  17  18  19  14  16  17  18  21  16  20  18  18  23  19  16  17  17  16  17  17  18  18  17  18  19  17  18  18  15  18  14  17  19  15  20  19  18  19  21  15  17  20  20  13  26  19  22  18  18  18]
[  19  13  09  11  14  14  14  11  13  15  14  14  15  11  15  12  11  15  15  15  13  17  18  15  17  18  16  14  16  17  14  17  15  14  15  15  16  16  11  13  16  14  18  13  13  15  15  14  20  17  15  19  12  10  13  19  11  14  21  15  18  16  19  17]
[  15  15  14  15  10  13  18  11  13  15  13  17  15  11  12  17  13  08  14  09  14  11  11  15  14  14  17  16  14  13  18  14  12  15  13  13  11  13  07  12  12  16  16  14  09  15  16  13  14  15  13  17  15  12  14  16  14  18  18  12  13  13  13  14]
[  15  18  13  12  15  18  17  17  12  17  15  20  16  14  22  18  15  15  16  16  17  20  15  17  14  17  18  21  16  19  17  15  17  17  16  17  15  13  12  15  19  17  16  15  13  15  16  12  14  17  11  18  16  14  17  18  16  16  24  17  19  13  16  16]
[  23  17  17  15  11  20  19  15  13  17  18  19  15  14  21  19  14  18  17  13  19  20  15  14  19  18  18  21  19  22  18  20  20  17  22  17  17  20  17  18  18  18  18  16  16  18  19  15  16  20  19  25  21  16  19  20  17  16  25  18  25  20  21  15]
[  15  22  19  14  12  12  19  19  18  20  11  19  13  15  17  19  20  14  14  10  19  21  15  21  15  16  17  22  19  14  19  16  16  13  19  16  18  16  18  15  18  18  17  16  15  16  16  16  16  17  15  19  19  12  16  19  19  17  24  17  16  18  19  16]
[  13  11  12  05  08  14  12  11  12  11  12  10  07  12  16  15  08  15  11  13  09  18  12  15  13  15  16  12  11  15  15  17  15  10  13  11  11  11  09  09  12  15  09  12  10  15  14  11  14  13  12  17  11  12  14  11  14  10  19  13  13  14  17  14]
[  15  10  10  11  08  11  17  13  09  08  13  14  15  11  14  13  08  13  12  12  12  12  13  12  13  11  12  12  10  14  11  17  16  08  14  11  10  11  10  09  13  13  14  14  10  12  11  13  09  17  11  18  10  13  12  15  08  12  17  15  14  12  12  12]
[  12  11  11  09  10  15  17  10  12  12  15  17  17  07  16  13  09  12  13  11  16  15  12  12  17  13  16  19  13  16  10  15  15  13  13  11  10  11  16  15  13  15  15  13  14  13  14  13  10  18  11  16  11  12  12  16  16  09  19  13  22  15  16  11]
[  18  18  14  13  14  15  16  21  13  18  15  19  14  16  22  20  13  14  17  14  13  19  14  15  14  18  20  19  15  19  19  17  20  18  18  16  17  12  13  14  19  19  20  14  12  16  18  15  16  17  15  18  16  13  19  15  16  18  26  18  17  17  16  13]
[  16  15  10  09  09  15  15  13  09  13  17  10  11  11  13  16  10  11  13  12  14  17  13  13  13  15  16  17  13  17  15  11  15  09  08  13  11  14  10  13  15  15  12  13  12  15  15  13  13  13  16  16  10  11  13  14  15  10  19  17  16  13  14  14]
[  19  20  14  11  15  16  18  17  13  18  19  17  17  11  15  20  17  17  12  15  16  23  15  19  15  17  14  20  18  15  18  17  18  15  17  13  16  17  14  12  14  15  20  16  13  20  19  13  19  16  15  20  18  12  15  16  21  14  23  21  18  16  19  16]
[  14  14  13  12  14  14  16  13  13  16  16  16  14  10  14  15  10  16  15  14  16  18  18  18  19  18  19  14  12  15  16  17  13  16  12  14  14  16  15  15  13  15  18  15  14  13  16  14  20  19  13  19  14  11  13  18  14  16  22  18  15  14  19  17]
[  16  15  13  12  12  16  19  12  11  15  19  16  22  08  18  18  11  17  15  16  13  15  14  17  13  14  17  15  13  16  19  18  15  13  17  14  12  13  15  13  12  12  15  15  12  15  15  11  15  16  15  20  11  12  10  16  12  15  21  16  18  13  10  17]
[  16  15  10  08  09  12  12  15  12  14  13  12  10  12  11  12  13  12  12  12  12  16  12  16  11  16  12  17  13  15  12  15  15  12  13  13  15  12  13  12  14  13  14  15  12  15  13  10  16  12  09  16  14  09  09  11  14  14  18  12  17  15  15  13]
[  13  14  12  08  14  14  12  13  13  15  11  14  13  10  16  14  09  12  13  11  12  17  09  12  18  16  13  15  12  17  11  15  15  14  11  09  13  14  09  11  12  15  15  10  10  14  16  13  12  13  14  15  14  07  16  13  13  15  20  18  14  17  16  11]
[  19  19  19  16  16  21  21  17  15  20  18  19  16  13  17  20  16  17  15  18  16  20  16  20  17  25  19  21  17  19  21  18  21  16  17  19  16  18  13  15  14  19  18  19  15  16  19  18  21  21  19  23  19  12  18  20  21  18  27  22  17  17  18  18]
[  14  11  12  10  12  13  19  12  09  13  12  13  16  11  15  10  08  14  12  13  13  12  12  17  16  15  12  13  11  19  13  14  14  13  14  16  14  11  12  14  11  15  14  11  14  15  12  16  13  15  13  15  14  13  14  16  11  13  18  13  14  14  13  14]
[  17  14  11  09  13  18  13  14  12  21  11  16  11  11  15  15  16  08  11  11  12  16  10  12  12  19  14  16  15  14  15  13  16  15  13  14  16  11  13  12  11  12  16  12  10  14  17  10  14  13  10  16  15  09  10  16  12  14  19  16  15  12  14  15]
[  13  10  07  09  10  14  10  13  10  10  14  11  12  11  16  13  08  11  09  11  12  13  12  09  13  09  13  15  11  15  07  13  12  11  10  09  10  10  08  11  15  11  15  13  13  11  10  10  09  13  12  17  10  10  13  12  13  11  18  16  13  12  12  12]
[  19  15  13  14  13  15  17  13  08  15  16  17  19  13  14  17  13  15  16  12  15  16  16  20  16  17  15  17  14  15  15  17  15  14  17  17  13  17  13  12  14  15  20  14  12  17  15  15  18  19  16  19  13  15  13  20  15  13  24  12  21  14  18  17]
[  10  14  09  09  09  18  17  10  12  16  12  16  14  11  13  16  11  11  11  07  14  16  12  14  11  12  18  17  14  14  12  10  12  11  13  11  13  14  14  13  12  15  14  12  11  15  18  12  15  13  11  16  11  10  11  10  14  13  18  16  15  13  14  14]
[  16  12  10  12  16  12  15  14  12  11  16  15  12  08  15  11  12  12  13  10  09  11  08  12  16  15  15  13  09  16  14  13  14  12  12  17  13  11  12  12  12  11  16  09  13  11  12  14  15  16  12  18  12  09  10  15  11  12  21  14  18  14  12  15]
[  16  17  17  13  14  15  17  13  17  16  17  17  18  15  16  17  15  19  14  15  18  18  17  20  22  15  18  17  14  20  16  19  14  12  15  16  17  18  13  13  16  12  18  17  11  22  17  12  19  18  13  22  13  12  15  21  14  15  22  18  17  14  20  22]
[  17  16  16  08  11  15  14  18  18  17  13  14  14  10  17  19  13  13  08  13  15  17  14  15  18  17  14  18  14  13  15  19  13  14  18  10  13  16  13  10  13  16  16  15  12  14  13  13  12  17  15  18  16  09  16  14  19  15  23  19  15  16  19  14]
[  16  13  12  12  10  13  15  07  10  15  14  17  16  11  13  15  08  15  16  11  14  16  16  15  18  13  13  14  12  16  13  14  15  13  14  10  11  16  12  15  18  14  16  13  11  14  16  12  16  14  16  19  17  13  15  16  13  14  22  17  14  16  21  12]
[  16  15  14  10  11  14  15  14  15  15  15  15  15  13  18  14  12  18  14  12  17  17  15  15  18  15  16  16  13  18  13  22  19  16  14  13  16  13  11  12  15  13  18  13  15  18  16  10  16  18  14  21  13  12  14  18  16  14  18  14  18  16  18  17]
[  17  20  15  13  13  18  16  15  13  16  14  19  13  15  19  19  14  17  14  15  16  18  17  15  15  17  19  19  19  18  17  15  19  16  14  17  14  15  14  14  17  19  14  17  14  13  16  13  16  19  14  24  18  11  15  16  17  14  24  19  19  14  18  16]
[  20  16  15  15  13  15  20  14  16  15  17  17  17  16  19  18  12  19  17  15  15  20  16  17  17  19  19  18  15  22  16  21  21  16  19  17  15  13  18  13  16  16  17  14  16  16  16  19  19  22  17  26  13  14  19  20  16  13  24  20  20  19  17  16]
[  19  21  15  16  17  20  22  20  14  19  20  22  17  17  22  21  16  18  20  20  16  23  18  19  18  21  25  22  18  23  20  19  22  21  20  23  20  17  19  18  22  19  19  15  15  19  25  14  22  22  18  25  19  19  21  23  18  16  30  21  24  21  24  17]
[  19  16  17  12  13  18  17  16  15  14  19  16  15  13  18  18  12  14  12  18  17  18  15  17  19  17  19  21  14  18  16  16  16  18  16  18  15  15  12  16  17  15  16  18  14  18  15  16  18  21  15  22  15  16  19  20  19  13  24  16  22  15  19  15]
[  11  19  16  13  11  12  12  11  14  13  15  17  12  10  15  15  11  13  12  09  15  14  12  13  14  15  14  13  15  15  14  11  11  14  13  14  10  12  11  12  14  14  13  13  13  11  14  12  15  14  15  17  15  07  12  12  15  16  17  15  14  11  12  12]
[  16  16  10  13  12  13  18  15  13  15  13  13  11  14  15  15  12  13  14  08  14  16  12  14  14  16  15  16  16  17  14  13  12  11  17  15  16  14  13  12  14  16  15  13  15  12  17  13  17  14  18  21  18  13  16  22  18  13  21  12  16  17  20  13]
[  15  15  15  08  06  18  16  15  13  12  14  14  12  12  17  17  09  12  13  13  16  19  14  13  14  15  15  15  15  12  16  18  13  10  18  11  10  16  10  10  17  14  12  13  09  14  15  11  13  15  15  20  14  12  15  17  14  15  21  16  17  14  19  13]
[  10  08  07  08  07  12  13  06  06  12  09  07  08  07  12  11  06  10  12  09  10  12  09  09  14  09  13  11  09  13  11  12  11  10  10  08  09  10  08  10  12  10  08  08  07  08  10  06  11  12  10  15  10  09  11  13  07  06  16  11  11  10  14  10]
[  15  19  12  12  13  18  18  15  11  17  17  15  19  12  18  15  09  16  14  14  17  14  15  17  14  16  16  16  15  21  15  13  11  15  17  14  14  13  11  15  14  16  19  14  15  13  19  09  18  17  18  18  17  07  13  19  15  18  21  15  18  13  16  13]
[  19  15  20  11  12  17  21  18  16  16  17  19  16  11  18  14  15  18  17  15  21  20  17  19  21  18  17  19  17  18  17  20  17  15  24  17  17  16  14  17  19  15  16  13  16  15  17  19  18  20  17  24  17  18  17  22  18  17  26  15  24  21  24  19]
[  21  16  13  15  13  17  17  18  17  17  18  17  19  15  20  20  15  17  17  13  15  21  14  17  18  16  20  21  11  20  14  21  17  14  19  15  19  17  14  14  19  14  14  16  15  20  16  15  17  19  16  22  15  15  22  18  19  16  28  21  19  21  17  19]
[  19  19  17  12  15  19  18  18  15  17  14  21  16  15  22  17  13  16  18  14  20  17  17  20  18  18  13  24  18  19  18  21  19  18  20  13  19  15  14  16  22  19  20  14  12  14  16  14  16  21  16  23  21  13  19  21  18  16  25  18  18  22  23  17]
[  22  15  20  13  15  16  20  19  16  20  19  18  16  14  21  20  17  16  17  15  18  18  16  19  25  22  18  20  14  20  20  19  18  14  19  18  17  17  12  18  19  18  23  17  16  17  17  18  15  20  20  23  19  15  16  23  18  17  30  21  19  18  21  20]
[  20  12  12  13  10  17  16  16  14  14  15  14  14  12  14  18  11  14  14  13  15  14  15  17  14  18  19  21  11  17  15  20  15  09  17  14  13  14  14  12  15  16  16  13  14  13  15  11  16  20  16  20  11  09  14  19  19  15  23  16  20  16  17  16]
[  20  20  17  13  13  22  17  21  16  21  18  16  15  17  22  21  15  16  22  15  17  22  14  18  17  20  17  22  17  22  17  19  19  15  22  16  16  13  15  16  20  20  20  16  15  20  18  14  16  21  18  23  14  10  19  18  18  16  26  20  22  18  17  16]
GPU Time: 0.000214
