A:
[  01  00  01  01  01  01  00  00  01  01  00  01  00  01  01  00  00  00  00  00  01  00  01  01  00  00  00  01  01  01  01  00]
[  00  00  01  01  01  00  01  00  01  01  01  01  00  01  00  00  01  00  01  00  01  00  00  01  00  00  00  01  01  01  00  01]
[  00  01  00  01  01  01  00  01  00  01  00  01  00  00  01  00  01  00  00  00  00  00  01  01  00  01  00  00  00  00  01  00]
[  00  00  00  01  01  00  00  00  01  01  01  00  01  00  00  00  01  00  00  01  01  01  00  01  00  01  01  01  01  01  01  01]
[  01  01  01  00  01  01  00  01  00  01  01  00  00  01  00  01  01  01  00  00  00  01  00  01  00  01  00  01  00  01  01  01]
[  01  00  00  00  01  00  01  00  00  00  00  00  01  00  01  01  01  01  01  00  00  01  01  00  01  01  00  01  00  01  01  01]
[  01  01  00  00  01  01  00  01  00  00  01  01  01  00  00  00  00  00  00  00  01  01  01  00  00  01  00  01  00  01  00  01]
[  00  00  01  01  00  00  01  00  00  00  01  01  01  00  00  01  00  00  01  01  00  00  00  00  01  00  01  01  01  00  00  01]
[  00  00  00  00  00  01  00  00  00  00  00  01  00  00  00  00  00  01  01  00  00  01  01  01  01  00  01  00  00  01  01  01]
[  01  00  01  01  01  00  00  01  00  00  00  00  00  00  00  00  00  01  01  00  01  00  01  00  00  00  01  01  00  00  00  01]
[  00  01  01  00  01  01  01  01  01  00  01  01  00  01  01  00  01  00  00  00  00  00  00  01  00  01  00  00  00  00  00  00]
[  01  01  00  01  00  00  00  01  00  00  00  00  01  01  01  00  00  01  00  00  01  01  01  00  00  01  00  00  01  00  01  01]
[  01  01  00  01  01  00  00  01  00  00  00  00  00  01  00  00  00  01  00  00  00  00  00  00  01  00  01  01  01  00  00  00]
[  01  00  00  01  00  00  00  01  01  00  01  01  01  01  01  00  00  01  00  00  01  00  01  01  00  00  00  01  00  00  00  01]
[  00  00  00  00  00  01  01  01  01  00  00  01  00  01  01  00  01  01  01  00  01  00  01  01  00  01  01  00  01  01  01  01]
[  01  00  00  01  01  01  01  00  00  01  01  00  01  00  00  00  01  01  00  00  01  00  00  01  01  01  01  01  00  01  00  01]
[  01  00  00  00  00  01  00  00  01  00  00  00  00  00  00  00  00  00  00  01  00  00  01  00  01  00  01  01  01  01  00  00]
[  00  01  00  00  00  01  00  01  01  00  01  01  00  01  01  00  00  00  00  00  00  01  00  00  01  01  01  01  01  00  01  01]
[  01  00  01  01  01  01  01  00  01  00  01  01  00  01  00  00  01  00  00  01  01  01  01  00  00  01  01  01  01  01  00  00]
[  01  01  01  00  00  00  00  01  01  01  01  01  00  01  01  01  01  01  01  00  00  00  00  01  01  00  00  00  01  01  00  00]
[  00  00  00  01  00  00  00  01  01  01  00  00  00  01  01  01  01  00  01  01  01  00  00  00  00  01  01  01  00  01  01  00]
[  01  01  01  00  01  00  01  00  01  00  00  00  01  00  01  00  00  01  00  01  01  00  00  01  01  01  00  01  00  01  00  00]
[  00  01  00  01  01  01  01  01  01  00  01  01  00  00  01  00  01  01  00  00  00  00  01  01  01  01  01  01  00  01  01  00]
[  00  01  01  00  01  01  01  00  01  00  01  01  00  01  01  00  00  01  00  00  01  00  00  00  01  01  00  00  00  01  00  00]
[  01  00  00  00  01  01  00  00  01  00  01  00  01  00  00  01  00  00  00  01  00  00  00  00  01  00  00  01  01  00  01  00]
[  00  00  00  01  01  01  01  01  01  00  01  00  01  01  01  01  01  01  00  00  01  00  00  00  00  00  01  00  00  01  00  01]
[  01  01  00  00  00  00  01  01  00  00  01  01  01  00  00  01  00  01  01  01  01  01  00  00  01  01  00  01  00  00  00  01]
[  01  01  00  01  01  01  00  01  00  01  01  01  00  01  00  00  00  01  01  00  00  01  00  01  01  00  01  01  00  01  01  00]
[  00  01  01  01  00  00  01  00  01  00  00  01  01  00  01  00  00  01  00  00  00  00  00  01  00  01  01  00  00  00  00  01]
[  01  00  00  01  00  01  00  01  01  00  01  01  00  00  01  00  01  01  01  00  01  01  01  01  00  00  01  00  00  00  01  01]
[  00  00  01  00  01  01  01  01  01  00  00  01  01  01  00  00  00  01  00  01  00  00  00  00  00  01  00  01  01  00  00  01]
[  00  01  01  01  00  01  00  01  01  00  01  00  01  01  01  01  00  01  00  00  01  00  00  00  00  00  01  01  00  01  01  00]
B:
[  01  00  00  01  01  00  01  01  01  00  01  00  01  00  00  01  00  00  01  01  01  01  01  01  01  00  00  00  00  01  00  01]
[  00  00  00  01  01  01  00  00  01  00  00  00  00  00  01  00  01  00  00  00  01  01  01  01  00  01  01  00  01  01  01  01]
[  00  01  00  01  01  01  01  00  01  01  01  01  00  00  00  01  01  00  01  00  01  00  01  01  01  00  01  00  00  00  01  00]
[  00  00  01  01  01  00  01  00  01  00  01  01  01  01  00  00  01  01  00  01  01  00  00  01  00  00  01  00  00  01  00  00]
[  01  01  01  00  01  01  00  01  01  01  00  00  01  01  00  00  00  01  01  00  01  00  01  01  00  00  00  00  01  00  01  00]
[  00  00  00  01  01  00  00  01  00  01  01  01  00  00  01  00  01  01  00  00  01  01  01  01  00  01  01  01  00  00  00  00]
[  01  00  01  00  01  00  01  01  01  01  00  01  01  01  01  00  00  00  00  01  01  01  00  01  01  00  01  01  00  01  01  01]
[  01  00  00  00  00  01  01  01  00  01  00  01  01  00  01  01  00  01  01  01  01  01  01  00  01  00  01  00  01  00  01  00]
[  00  01  01  01  01  00  00  01  00  01  01  01  01  00  00  01  00  01  00  01  01  01  01  00  01  00  00  00  00  00  01  00]
[  01  00  01  00  00  00  00  00  01  01  01  00  01  00  01  01  01  01  00  00  01  01  01  00  01  01  01  01  01  00  00  01]
[  00  01  01  00  01  01  01  00  00  00  00  00  00  01  01  00  01  00  00  00  01  01  00  01  01  01  00  00  01  00  01  01]
[  00  01  00  01  00  01  00  01  01  00  01  00  00  00  00  01  00  00  01  00  00  01  01  01  01  01  01  00  00  01  00  00]
[  00  00  01  00  01  01  01  00  00  00  00  00  01  00  01  01  01  00  01  01  01  00  00  00  00  01  01  00  00  01  00  00]
[  01  01  01  00  01  00  00  01  01  01  01  00  01  00  01  00  00  01  01  01  01  01  00  01  01  01  01  01  00  01  00  01]
[  01  01  01  00  01  01  01  00  00  00  00  00  00  00  00  00  01  00  01  00  01  01  00  00  00  01  00  00  01  00  01  00]
[  01  00  00  00  00  01  01  00  01  01  00  01  01  01  01  00  01  00  01  00  00  01  01  00  00  01  01  01  01  00  01  00]
[  01  01  00  01  00  01  01  01  01  00  00  00  01  01  01  00  00  00  00  00  01  01  00  01  00  01  01  01  00  00  01  01]
[  00  00  00  00  01  01  00  00  01  00  01  00  00  00  00  00  00  01  00  01  00  00  00  01  00  01  00  00  00  00  01  00]
[  00  01  00  01  00  00  00  00  01  01  00  01  01  01  01  01  00  01  00  00  01  00  01  01  00  00  01  00  00  00  00  00]
[  01  00  01  00  01  01  00  00  00  00  01  01  01  00  00  01  01  00  00  00  01  01  00  01  01  01  01  01  00  01  01  01]
[  01  01  01  00  00  01  00  01  00  01  00  01  01  01  01  00  01  01  01  00  00  01  01  00  00  00  01  00  01  01  00  01]
[  00  01  01  00  01  00  01  01  01  00  00  01  01  01  01  00  00  00  01  01  01  00  01  00  01  00  00  00  01  00  01  01]
[  00  01  00  01  01  01  00  00  01  00  01  00  00  01  01  00  01  00  01  01  00  00  01  01  01  01  00  00  00  01  00  00]
[  00  00  01  01  01  01  00  01  01  01  01  01  00  00  00  00  00  01  01  01  00  00  00  01  01  00  01  01  00  01  01  00]
[  01  00  00  01  01  00  00  01  01  01  00  00  00  00  00  00  00  01  01  00  01  00  01  00  00  00  00  00  00  01  01  01]
[  00  01  00  01  01  00  00  00  00  01  00  00  01  00  00  01  01  00  01  00  00  00  01  00  01  01  01  01  00  00  00  00]
[  01  01  00  00  01  00  00  01  01  01  01  01  01  00  00  01  00  00  01  00  00  00  00  01  01  01  00  00  01  01  00  00]
[  00  00  00  01  01  01  01  00  00  00  01  01  00  00  00  00  00  00  00  00  00  01  00  00  00  00  00  00  01  00  00  01]
[  01  01  01  00  00  00  00  00  00  00  01  01  00  00  01  00  00  00  00  00  01  00  00  01  01  00  01  00  01  00  00  00]
[  01  01  00  01  01  00  01  01  00  00  00  00  00  00  00  00  00  01  01  01  01  01  00  00  00  00  01  01  00  01  01  01]
[  00  01  00  01  01  01  00  00  01  01  00  00  01  01  00  01  00  01  00  01  01  00  00  01  00  01  00  00  00  01  01  00]
[  00  01  01  01  00  01  01  00  00  00  00  01  01  00  00  01  00  00  00  01  01  00  00  01  01  00  00  01  01  01  01  01]
CPU Result:
[  08  11  09  11  13  09  06  09  10  09  12  08  08  05  06  06  07  10  10  08  12  10  09  11  09  07  10  05  06  09  07  06]
[  08  12  11  10  10  09  08  09  10  09  09  10  10  07  08  06  05  09  07  07  13  10  07  12  10  05  12  07  07  08  09  09]
[  05  07  05  09  09  09  04  06  09  07  06  04  07  05  06  05  07  07  07  05  09  07  08  09  06  09  09  05  05  06  07  03]
[  08  12  12  09  13  10  08  08  08  08  08  10  13  07  07  08  07  08  08  08  13  08  06  10  10  08  10  07  09  09  10  09]
[  08  10  07  11  14  12  10  09  12  10  08  08  11  06  09  07  07  09  10  09  14  11  10  12  10  10  11  09  09  07  13  10]
[  08  10  06  10  13  10  10  07  11  07  04  06  11  08  07  06  05  06  10  09  12  07  08  09  06  08  07  06  06  08  11  08]
[  05  09  06  09  11  10  08  08  06  05  05  06  08  05  08  06  07  05  10  07  10  09  10  08  08  07  08  04  08  08  07  08]
[  06  07  07  07  09  08  08  04  08  06  07  10  08  05  06  07  06  03  06  04  10  06  05  10  08  06  09  04  06  08  07  06]
[  03  08  03  09  09  06  03  07  09  06  06  06  05  04  04  05  02  07  07  07  07  03  06  09  06  06  05  04  03  08  07  04]
[  05  07  04  07  08  08  06  05  08  06  07  08  08  05  04  06  04  06  07  06  07  04  07  09  06  03  05  01  06  06  05  04]
[  06  09  07  08  11  09  06  09  08  09  06  06  07  04  07  05  06  06  08  05  11  10  08  10  09  08  10  06  05  05  10  05]
[  06  09  08  07  11  09  07  05  08  05  06  06  10  05  08  06  07  06  09  10  11  06  07  09  08  08  08  03  07  09  07  06]
[  07  04  04  05  09  05  04  06  08  05  07  05  06  02  04  03  02  06  06  05  08  05  05  08  05  04  05  01  06  06  05  05]
[  05  08  09  08  11  11  08  07  07  05  09  07  08  04  06  06  06  07  09  10  09  09  06  09  09  07  07  03  06  09  07  06]
[  09  14  08  11  12  10  06  11  10  11  09  10  11  06  09  08  05  10  10  10  12  10  08  13  11  10  12  08  06  10  10  06]
[  09  08  09  10  14  09  09  10  10  09  08  08  11  06  07  06  07  09  09  08  12  09  07  11  08  08  10  08  07  10  09  10]
[  06  05  03  07  09  03  03  06  04  04  08  06  04  01  03  04  03  04  05  04  07  06  05  06  06  04  04  03  03  06  04  05]
[  06  11  07  09  12  08  06  08  07  08  07  08  08  03  07  07  05  06  08  06  12  09  08  09  10  09  07  04  09  07  09  07]
[  10  14  10  11  16  09  09  12  11  09  12  11  12  08  09  07  08  07  11  08  14  12  10  14  13  09  12  07  07  10  09  10]
[  10  10  07  10  11  10  08  09  12  09  09  07  08  04  09  07  06  09  10  07  14  12  10  11  10  09  12  06  07  07  12  08]
[  10  10  07  08  10  08  07  07  08  10  07  09  13  06  07  08  07  09  08  06  11  11  07  07  07  09  11  07  07  07  08  07]
[  08  07  08  09  15  10  07  08  08  08  07  07  08  03  04  06  07  07  10  07  11  09  08  08  07  06  09  05  05  09  11  08]
[  08  11  07  13  17  12  08  11  12  10  09  08  09  07  07  06  07  10  10  09  13  11  09  13  09  11  10  06  07  10  13  07]
[  07  10  07  08  13  08  05  09  08  09  06  05  06  04  06  04  07  08  09  05  11  10  09  09  07  08  09  05  05  07  10  07]
[  06  05  06  06  10  07  05  05  05  06  06  06  07  04  05  05  05  05  05  04  10  07  06  07  05  06  05  03  05  05  07  05]
[  10  10  10  06  12  10  10  10  08  09  06  09  12  07  09  05  07  09  09  09  13  11  06  10  07  09  10  07  08  08  11  07]
[  07  07  07  08  11  11  09  07  09  07  05  09  11  06  09  08  07  05  09  07  11  10  10  09  09  08  10  05  08  09  10  10]
[  08  09  07  11  15  09  07  11  14  10  10  08  10  06  08  07  05  12  10  09  14  10  10  13  09  09  10  05  08  10  10  09]
[  03  07  07  08  11  08  06  05  08  06  07  07  07  02  03  07  06  04  07  07  08  05  05  09  08  07  08  04  04  08  08  03]
[  06  12  08  11  12  11  08  10  11  08  09  10  11  08  08  08  06  09  09  10  12  09  09  13  10  09  08  04  07  09  10  06]
[  06  08  08  07  11  09  06  07  06  08  09  09  09  02  06  08  05  06  07  07  11  08  07  10  10  07  10  06  05  06  08  05]
[  07  09  07  08  14  11  09  07  08  09  08  09  09  05  08  06  09  09  09  08  12  11  07  09  06  10  10  04  08  08  10  06]
CPU Time: 0.000114
GPU Result:
[  08  11  09  11  13  09  06  09  10  09  12  08  08  05  06  06  07  10  10  08  12  10  09  11  09  07  10  05  06  09  07  06]
[  08  12  11  10  10  09  08  09  10  09  09  10  10  07  08  06  05  09  07  07  13  10  07  12  10  05  12  07  07  08  09  09]
[  05  07  05  09  09  09  04  06  09  07  06  04  07  05  06  05  07  07  07  05  09  07  08  09  06  09  09  05  05  06  07  03]
[  08  12  12  09  13  10  08  08  08  08  08  10  13  07  07  08  07  08  08  08  13  08  06  10  10  08  10  07  09  09  10  09]
[  08  10  07  11  14  12  10  09  12  10  08  08  11  06  09  07  07  09  10  09  14  11  10  12  10  10  11  09  09  07  13  10]
[  08  10  06  10  13  10  10  07  11  07  04  06  11  08  07  06  05  06  10  09  12  07  08  09  06  08  07  06  06  08  11  08]
[  05  09  06  09  11  10  08  08  06  05  05  06  08  05  08  06  07  05  10  07  10  09  10  08  08  07  08  04  08  08  07  08]
[  06  07  07  07  09  08  08  04  08  06  07  10  08  05  06  07  06  03  06  04  10  06  05  10  08  06  09  04  06  08  07  06]
[  03  08  03  09  09  06  03  07  09  06  06  06  05  04  04  05  02  07  07  07  07  03  06  09  06  06  05  04  03  08  07  04]
[  05  07  04  07  08  08  06  05  08  06  07  08  08  05  04  06  04  06  07  06  07  04  07  09  06  03  05  01  06  06  05  04]
[  06  09  07  08  11  09  06  09  08  09  06  06  07  04  07  05  06  06  08  05  11  10  08  10  09  08  10  06  05  05  10  05]
[  06  09  08  07  11  09  07  05  08  05  06  06  10  05  08  06  07  06  09  10  11  06  07  09  08  08  08  03  07  09  07  06]
[  07  04  04  05  09  05  04  06  08  05  07  05  06  02  04  03  02  06  06  05  08  05  05  08  05  04  05  01  06  06  05  05]
[  05  08  09  08  11  11  08  07  07  05  09  07  08  04  06  06  06  07  09  10  09  09  06  09  09  07  07  03  06  09  07  06]
[  09  14  08  11  12  10  06  11  10  11  09  10  11  06  09  08  05  10  10  10  12  10  08  13  11  10  12  08  06  10  10  06]
[  09  08  09  10  14  09  09  10  10  09  08  08  11  06  07  06  07  09  09  08  12  09  07  11  08  08  10  08  07  10  09  10]
[  06  05  03  07  09  03  03  06  04  04  08  06  04  01  03  04  03  04  05  04  07  06  05  06  06  04  04  03  03  06  04  05]
[  06  11  07  09  12  08  06  08  07  08  07  08  08  03  07  07  05  06  08  06  12  09  08  09  10  09  07  04  09  07  09  07]
[  10  14  10  11  16  09  09  12  11  09  12  11  12  08  09  07  08  07  11  08  14  12  10  14  13  09  12  07  07  10  09  10]
[  10  10  07  10  11  10  08  09  12  09  09  07  08  04  09  07  06  09  10  07  14  12  10  11  10  09  12  06  07  07  12  08]
[  10  10  07  08  10  08  07  07  08  10  07  09  13  06  07  08  07  09  08  06  11  11  07  07  07  09  11  07  07  07  08  07]
[  08  07  08  09  15  10  07  08  08  08  07  07  08  03  04  06  07  07  10  07  11  09  08  08  07  06  09  05  05  09  11  08]
[  08  11  07  13  17  12  08  11  12  10  09  08  09  07  07  06  07  10  10  09  13  11  09  13  09  11  10  06  07  10  13  07]
[  07  10  07  08  13  08  05  09  08  09  06  05  06  04  06  04  07  08  09  05  11  10  09  09  07  08  09  05  05  07  10  07]
[  06  05  06  06  10  07  05  05  05  06  06  06  07  04  05  05  05  05  05  04  10  07  06  07  05  06  05  03  05  05  07  05]
[  10  10  10  06  12  10  10  10  08  09  06  09  12  07  09  05  07  09  09  09  13  11  06  10  07  09  10  07  08  08  11  07]
[  07  07  07  08  11  11  09  07  09  07  05  09  11  06  09  08  07  05  09  07  11  10  10  09  09  08  10  05  08  09  10  10]
[  08  09  07  11  15  09  07  11  14  10  10  08  10  06  08  07  05  12  10  09  14  10  10  13  09  09  10  05  08  10  10  09]
[  03  07  07  08  11  08  06  05  08  06  07  07  07  02  03  07  06  04  07  07  08  05  05  09  08  07  08  04  04  08  08  03]
[  06  12  08  11  12  11  08  10  11  08  09  10  11  08  08  08  06  09  09  10  12  09  09  13  10  09  08  04  07  09  10  06]
[  06  08  08  07  11  09  06  07  06  08  09  09  09  02  06  08  05  06  07  07  11  08  07  10  10  07  10  06  05  06  08  05]
[  07  09  07  08  14  11  09  07  08  09  08  09  09  05  08  06  09  09  09  08  12  11  07  09  06  10  10  04  08  08  10  06]
GPU Time: 0.000199
